0.0
5.498893898744636E36
3.848692241992749E39
1.5077997456422415E41
1.811119377410342E42
1.1368851581832981E43
4.72999245787606E43
1.4806661409633089E44
3.761805390906964E44
8.14515551703569E44
2.6755746460191942E45
4.230638430461247E45
6.226214118009704E45
8.617421998929868E45
0.0
1.1309323199172589E46
1.4167034345167464E46
1.7031621232627378E46
1.97384899097851E46
2.2135076298389393E46
2.409532234736337E46
2.5529416895196424E46
2.638829994049013E46
2.6663285374781065E46
2.638174697277175E46
2.5600113790351216E46
2.439546927146058E46
2.285690938925475E46
2.1077563851048176E46
1.9147888801850913E46
1.7150552222688178E46
1.515698879278331E46
1.3225516782800292E46
1.1400789337581584E46
9.714290625190669E45
8.18557272199493E45
6.823948660107688E45
5.630398006207475E45
4.5994926958082437E45
3.7212041403120325E45
2.98250200393457E45
2.3686970368904322E45
1.8645134034005045E45
1.454899931816448E45
1.1256054463348263E45
8.635521414696808E44
6.570443574032345E44
4.958496080857151E44
3.711856428445448E44
2.756427905001827E44
2.0306569176074376E44
1.48413377500491E44
1.0761189295581744E44
7.740952582533131E43
5.524126571474667E43
3.910640862055288E43
2.746117022646435E43
1.9126700083045432E43
1.321189599830091E43
9.049804384196675E42
6.146065778742085E42
4.13774538455828E42
2.7609102877749817E42
1.82542600766736E42
1.1956058652455762E42
7.755289921355078E41
4.980272522026124E41
3.165155806126458E41
1.989972107916547E41
1.2371170921495337E41
7.600900856946461E40
4.612770554956481E40
2.763269990451093E40
1.6328172154329648E40
9.509413033130005E39
5.453507824211753E39
3.076496376669895E39
1.7052440131492714E39
9.274412011758449E38
4.94187284540398E38
2.5753537101714813E38
1.3098929735714982E38
6.48715637499793E37
3.1194462293556E37
1.4516612472013475E37
6.511706880863433E36
2.802091380409337E36
1.1499410598858497E36
4.467908996238208E35
1.6284111543904285E35
5.501706447830676E34
1.6963141671183787E34
4.6727834594983353E33
1.1162866569713543E33
2.2138922036136174E32
3.4065902128974285E31
3.6306697136564844E30
2.1663358059378167E29
4.4867241188882993E27
7.013677839281995E24
2.0000000009669234
4.5670044295758495E24
1.8500237699929206E27
5.597555316016946E28
5.839064476566933E29
3.392968998343531E30
1.3601562431035392E31
4.216454162524948E31
1.0820979687031907E32
2.4024625742696257E32
4.755240733310527E32
8.572945373115394E32
1.430245109708813E33
2.2348124521549565E33
3.301308472670113E33
4.644808067416873E33
6.261576033777221E33
8.1275202437686E33
1.0198823073345159E34
1.2414588957462098E34
1.4701099612123652E34
1.6977114676605514E34
1.9159598727993309E34
2.11692847018913E34
2.293557793319578E34
2.440043948152489E34
2.5521037832737004E34
2.627110386411646E34
2.664104992685205E34
2.6637010737057824E34
2.6279027661873616E34
2.559862962293159E34
2.4636067140150417E34
2.343743688820942E34
2.205189923452152E34
2.052914717118027E34
1.8917237701041174E34
1.7260850818324283E34
1.5600000177035488E34
1.3969185532516442E34
1.2396951101721027E34
1.0905796216069894E34
9.512374444607114E33
8.227913695148969E33
7.058791360940834E33
6.007204000509486E33
5.0718790071683394E33
4.2487850774504764E33
3.5318080590404213E33
2.913368202819238E33
2.3849634315983525E33
1.9376306386494275E33
1.5623230789116408E33
1.2502065853252249E33
9.928807018980314E32
7.825330106262067E32
6.120361170030563E32
4.74997140407511E32
3.657693216624108E32
2.7943468729378213E32
2.1176575379056817E32
1.5917314517268871E32
1.1864483643926888E32
8.768160133231403E31
6.423218943583528E31
4.663081911980376E31
3.3538767108993855E31
2.389116770584602E31
1.684960081562305E31
1.1760637466088927E31
8.120210187322381E30
5.543467259066133E30
3.739637921927073E30
2.4913643760775958E30
1.6379313647789267E30
1.0618327873357234E30
6.781465226028885E29
4.2623487062731265E29
2.6334200067601116E29
1.5971646129948255E29
9.49425293128321E28
5.521650596686174E28
3.1351517465667683E28
1.73361831411738E28
9.308458427709616E27
4.8362004664185065E27
2.4209479458351113E27
1.1616036467248271E27
5.3077398326441884E26
2.290803139380109E26
9.240940446059773E25
3.436071268554215E25
1.1557065165058504E25
3.4244975663157987E24
8.599857356973548E23
1.7236140554430574E23
2.492944239611743E22
2.154284471299712E21
7.279523723728938E19
2.48962329531035232E17
4.000000000859533
1.90696870141909408E17
4.152108296524707E19
9.055102714795254E20
7.669997016765949E21
3.862295682147366E22
4.025283963222129E23
9.795690332966463E23
2.095074362592229E24
4.0447636489321496E24
7.184522401615436E24
1.1907819917510494E25
1.8614231637303825E25
2.7672709666347598E25
3.9383908871367126E25
5.394585640960421E25
7.14266616009229E25
9.17469722349125E25
1.1467368321477462E26
1.39825172412235E26
1.6668722295433767E26
1.9463789434075414E26
2.2297898525320878E26
2.509714058589442E26
2.778717302770351E26
3.0296738971697856E26
3.2560833786439145E26
3.452335105899425E26
3.613909513845008E26
3.737510279979104E26
3.821126804859381E26
3.864030838470188E26
3.866714592019388E26
3.8307801667560636E26
3.7587916091377935E26
3.6541014411004846E26
3.52066324430347E26
3.3628409590870526E26
3.185224166917107E26
2.9924569316616934E26
2.7890859386605697E26
2.5794318277916576E26
2.3674858775825352E26
2.1568326435098645E26
1.95059783893737E26
1.7514197003454433E26
1.5614413065633684E26
1.382320814079962E26
1.2152563035204395E26
1.0610218735219418E26
9.200117300039917E25
7.922892619948768E25
6.776384314762389E25
5.756151988265894E25
4.855971263734551E25
4.068297244034391E25
3.3846850625419723E25
2.796160866974763E25
2.293539805821724E25
1.867690309302338E25
1.5097461539914593E25
1.211269482850955E25
9.643691536376214E24
7.61779557693265E24
5.969054469851051E24
4.6383839358594387E24
3.573503465667576E24
2.728694076240452E24
2.0644247453652553E24
1.5468884982645783E24
1.1474832229005806E24
8.422663503971052E23
6.114068144657801E23
4.386523891016968E23
3.108257245076597E23
2.1735823071116505E23
1.498674257092048E23
1.0178046415950545E23
6.800426124616993E22
4.4640873567272915E22
2.8745532327898754E22
1.8123875518790119E22
1.1164425578618036E22
6.702139951687567E21
3.9088613677705724E21
2.206656380100502E21
1.200305818733478E21
6.255581422671074E20
3.1014256880623577E20
1.4493684734752313E20
6.307458969838242E19
2.5144911418946367E19
8.9732605084371354E18
2.771261939554689E18
7.0285857718647757E17
1.34084743699132176E17
1.6320254252969152E16
8.761810528367145E14
6.41493869945888E12
6.000000007253037
5.46104135714786E12
6.172137534498479E14
9.414558228790412E15
6.2915026207414192E16
2.66918753957699424E17
8.484215613514121E17
2.20747535750978714E18
4.956922865603753E18
9.940350317697012E18
1.822253470501736E19
3.1051028064794866E19
4.979153902437435E19
7.584294785524023E19
1.1053987977298987E20
1.5505171275856747E20
2.1028680406840757E20
2.7680976931481197E20
3.5477807330172135E20
4.439022392711597E20
5.4343188561445755E20
6.521677572599353E20
7.684980912178366E20
8.904561537987176E20
1.0157946765040659E21
1.1420722225219146E21
1.2667462250815758E21
1.387267514318685E21
1.50117153335772E21
1.6061620682861432E21
1.7001841074225852E21
1.7814833309966884E21
1.8486506471477753E21
1.900651077135989E21
1.9368371059359393E21
1.9569473198552819E21
1.9610917281355887E21
1.9497255992505572E21
1.92361393307524E21
1.8837888435472897E21
1.8315021554184917E21
1.7681754401904937E21
1.6953495500734058E21
1.6146354757342832E21
1.5276680745401382E21
1.4360639106101438E21
1.341384133974432E21
1.2451030186912438E21
1.1485824912859014E21
1.0530527208080267E21
9.595986167621917E20
8.691518950864114E20
7.824882267872606E20
7.002288783129334E20
6.228461851316039E20
5.506721668974857E20
4.8390958976381334E20
4.226448040368479E20
3.668617284237727E20
3.164564106055863E20
2.7125166299820556E20
2.310113479836362E20
1.9545396474116863E20
1.642652668075145E20
1.3710971297488903E20
1.1364062203463857E20
9.35089627084788E19
7.637076293021486E19
6.18931669714456E19
4.975920467314398E19
3.967136451139874E19
3.1354081910544155E19
2.4555266832363094E19
1.9047001056115167E19
1.4625536632652786E19
1.1110723682126719E19
8.3449889276019907E18
6.1919769871788298E18
4.5349552843649423E18
3.275071192313962E18
2.329537316802537E18
1.62980815903495834E18
1.11979919571182554E18
7.5418798746552755E17
4.9682650614333299E17
3.1928460523173312E17
1.99536525333140224E17
1.20795548908914512E17
7.0496368758583864E16
3.94203490403854E16
2.0955544780062252E16
1.0480995882520356E16
4.863303865597697E15
2.052708720088302E15
7.656853154611031E14
2.413547259693532E14
5.964533135666017E13
1.0041912331597557E13
8.409253075389435E11
1.2922874917781979E10
8.00000001142193
1.1799945401513573E10
6.817600615995817E11
7.15346156029105E12
3.708287724386271E13
1.3031226617506948E14
3.5760273558882075E14
8.265885303532456E14
1.6838847577547862E15
3.1129626360885075E15
5.327964518556547E15
8.564050228753216E15
1.3065147057346602E16
1.9070128522447364E16
2.679848845355828E16
3.6436527439971784E16
4.8124949887610424E16
6.1948603270481352E16
7.7928896558958896E16
9.6019229831130672E16
1.16103566446896288E17
1.37998094517390064E17
1.61455764255320224E17
1.86173357709793312E17
2.1180065025937792E17
2.3795115963112368E17
2.64213946795410432E17
2.9016593103961664E17
3.1538420496527462E17
3.3945787952594925E17
3.6199904964179014E17
3.8265254247855514E17
4.0110418846691302E17
4.1708743526939155E17
4.3038820342484032E17
4.4084795618545229E17
4.4836502264714976E17
4.5289427086685779E17
4.5444527510736269E17
4.5307915808896077E17
4.4890431511387712E17
4.4207124256216717E17
4.327666992891479E17
4.2120742690575258E17
4.0763364500231155E17
3.9230252139918394E17
3.7548179683122682E17
3.5744371943492294E17
3.3845941827748749E17
3.187938181115472E17
2.987011705888672E17
2.78421251203291264E17
2.58176246977125952E17
2.38168337915364768E17
2.18577955929777504E17
1.99562688533583584E17
1.81256781246910496E17
1.63771182335373536E17
1.47194066130967296E17
1.31591766576876928E17
1.17010050553868608E17
1.03475660698643808E17
9.0998059498389808E16
7.95713101113468E16
6.9176034290224008E16
5.9781393653284032E16
5.134704705514796E16
4.382504367942012E16
3.7161618461955712E16
3.1298863344017112E16
2.6176254470458196E16
2.1732021646017068E16
1.7904352033139618E16
1.4632425139719718E16
1.1857280556156778E16
9.522523635718534E15
7.57487737055139E15
5.964591117069355E15
4.645718603650008E15
3.5762788573736945E15
2.7183143705085975E15
2.0378610528730695E15
1.5048443474592348E15
1.0929153888702234E15
7.792403210484038E14
5.4425492343459544E14
3.7139557995112825E14
2.4681641483740953E14
1.591011594795997E14
9.89770449973372E13
5.90367703125318E13
3.3473402421430914E13
1.7831946391458414E13
8.780293384999172E12
3.901326756993576E12
1.5071451887956516E12
4.756496842710156E11
1.091355213205092E11
1.4023495663816416E10
4.4206957915538275E8
10.00000001791163
4.2190912619187236E8
1.2420800873104528E10
8.876795573004233E10
3.5288342791993945E11
1.014805057467568E12
2.3747069444598213E12
4.815795092270235E12
8.788781572367693E12
1.479026088344449E13
2.3337266940159977E13
3.4940127288059754E13
5.00754898775095E13
6.916110640791218E13
9.253363874160917E13
1.2043043059777012E14
1.5297587119840078E14
1.9017268278735503E14
2.3189819885891688E14
2.7790547056659672E14
3.278288486923351E14
3.811935391464765E14
4.3742852083769656E14
4.958821440308115E14
5.5583969199065225E14
6.165421849510119E14
6.772057288569389E14
7.370407572134975E14
7.95270577958802E14
8.511487138877545E14
9.039746103575272E14
9.531073737414502E14
9.979772947446188E14
1.0380949991317761E15
1.0730581520523488E15
1.1025557189175989E15
1.126369854148309E15
1.1443755480161495E15
1.1565382106445888E15
1.1629094108141068E15
1.1636210156748005E15
1.158877996240197E15
1.1489501732827185E15
1.1341631798128088E15
1.1148889106610464E15
1.0915357178299911E15
1.0645385933042761E15
1.0343495599601371E15
1.0014284671167159E15
9.662343610740876E14
9.29217573556773E14
8.908126430992472E14
8.514321567399034E14
8.114615724922982E14
7.712550573916399E14
7.311323518228244E14
6.913766485834154E14
6.522334548971996E14
6.13910387477233E14
5.76577834789812E14
5.403704068974064E14
5.053890816340082E14
4.7170394634841475E14
4.3935742699291606E14
4.083678908952472E14
3.787335061032694E14
3.504362387274583E14
3.23445870242321E14
2.977239192846232E14
2.7322735716555484E14
2.499120131726448E14
2.27735574858489E14
2.0666009997369588E14
1.8665397055525194E14
1.676932359423978E14
1.4976231011223056E14
1.3285400957467039E14
1.1696894090165912E14
1.0211427141827028E14
8.83019421307361E13
7.554640791349231E13
6.3862015443104484E13
5.326015327612031E13
4.374632955155633E13
3.53173496059647E13
2.7958776711696117E13
2.164286246249988E13
1.632712725291795E13
1.1953754069365334E13
8.449928797089693E12
5.729216068241689E12
3.694000362920159E12
2.2389472573510967E12
1.2553498449513755E12
6.361219833874397E11
2.810861152397971E11
1.0208380221594778E11
2.731912335558339E10
4.239596428355565E9
1.8297634477645537E8
12.00000003463424
1.9093241210102686E8
4.83277036048399E9
3.471949278039672E10
1.4627885708093808E11
4.5743732073554694E11
1.1817064984705928E12
2.671996207965834E12
5.475717338119653E12
1.040277912463899E13
1.8608094041697242E13
3.1690167168207258E13
5.180725390068864E13
8.181240851282136E13
1.2540850442157042E14
1.873239732981625E14
2.7350957296740775E14
3.913559428660182E14
5.499310316289937E14
7.602356772090536E14
1.0354746817411518E15
1.391339650773159E15
1.846298663715777E15
2.4218865191682695E15
3.142987871382385E15
4.0381040661850545E15
5.139592928138437E15
6.483869186586492E15
8.111551707198294E15
1.0067542278376578E16
1.2401019459245796E16
1.516533000841086E16
1.8417759769773704E16
2.2219165690494396E16
2.6633450989363548E16
3.17268664870062E16
3.7567122857481168E16
4.4222301164194016E16
5.1759552591887256E16
6.0243582855327232E16
6.9734922406261304E16
8.0287990295734176E16
9.1948967364032544E16
1.047535032652608E17
1.1872429157466952E17
1.3386855770083792E17
1.50175515291392768E17
1.67613857968204544E17
1.86129364169614752E17
2.05642703152294368E17
2.26047539281808448E17
2.47209039023112064E17
2.68962889882918016E17
2.9111494227438528E17
3.1344158317986368E17
3.3569094390821222E17
3.5758503256355891E17
3.7882286454382867E17
3.9908464109576083E17
4.180369964897495E17
4.3533929881294586E17
4.5065094808483117E17
4.6363956910138669E17
4.739899462332297E17
4.8141349489135366E17
4.8565801152933376E17
4.8651739331519789E17
4.8384097283567002E17
4.7754207559936045E17
4.676053821484745E17
4.5409266585297837E17
4.3714648546596166E17
4.1699144149502048E17
3.9393266006912109E17
3.6835124907569338E17
3.4069657954815309E17
3.1147537971977734E17
2.81237787097097376E17
2.50560680476730624E17
2.20028801801869024E17
1.90214367417148576E17
1.61656047476073024E17
1.34838346612075648E17
1.10172532394421552E17
8.7980313478896848E16
6.8481449794350808E16
5.1786367249873936E16
3.7894637424820368E16
2.6699862292807248E16
1.8001077184435754E16
1.152026477590778E16
6.924985475970649E15
3.8545180904877075E15
1.9473304901945258E15
8.67244353370907E14
3.254215622990653E14
9.54001536349739E13
1.897362154081782E13
1.8677379307607205E12
3.362655549618284E10
14.000000088755673
3.9001298851054375E10
2.5865783633819263E12
3.1701281111763496E13
1.9360540733251722E14
8.061592980379409E14
2.632900524966254E15
7.268787184972545E15
1.7738469860571438E16
3.9383964287482768E16
8.1137094091135472E16
1.57293007222638944E17
2.8992429965752499E17
5.1210050164480384E17
8.7210439054527898E17
1.43886404340747136E18
2.3088467011340017E18
3.6146860281371597E18
5.5358364969438659E18
8.31156529127714E18
1.225660077221226E19
1.77797542355899E19
2.5405815040980586E19
3.5800984478865895E19
4.980205692989027E19
6.8449473734800835E19
9.302426147689244E19
1.2508871798957348E20
1.66530522676735E20
2.1960971975439185E20
2.8700775199085776E20
3.718774081947649E20
4.778921918654451E20
6.092932254222135E20
7.709313817040996E20
9.683018930416213E20
1.2075682433304803E21
1.495571719903888E21
1.8398226141509415E21
2.2484687422350355E21
2.7302367441792176E21
3.2943415495670193E21
3.950359513172841E21
4.708061068138369E21
5.577199362301743E21
6.567252277307453E21
7.68711651741236E21
8.944754123993104E21
1.0346793838366459E22
1.1898092197971275E22
1.3601262085304425E22
1.5456179604192779E22
1.7459483551208086E22
1.9604085262771082E22
2.1878710093725324E22
2.4267495024250038E22
2.674966966390552E22
2.9299349955100537E22
3.1885474877611868E22
3.447191611065548E22
3.7017788610995206E22
3.947798612943115E22
4.180395957763412E22
4.3944747715890654E22
4.584825881573338E22
4.746278886300314E22
4.873874679152108E22
4.9630540671872926E22
5.009856145466554E22
5.011118375840566E22
4.9646687512041276E22
4.869499143318713E22
4.725908091982887E22
4.535601059606239E22
4.301736706601037E22
4.028909176938824E22
3.723058817755164E22
3.3913072298891973E22
3.0417170138244764E22
2.6829818915308347E22
2.324058784101078E22
1.9737595141225984E22
1.6403255593946648E22
1.3310140790005022E22
1.0517265568249128E22
8.067121376488792E21
5.983754097521143E21
4.2721253224739876E21
2.9189003307601363E21
1.894675712088038E21
1.1575029008380396E21
6.573958329391596E20
3.413534383310625E20
1.5830892312039037E20
6.3369700338342584E19
2.0765317524463997E19
5.0980499350727281E18
7.9446148390207066E17
5.420707203491008E16
4.975797324916253E14
16.000000325476382
6.353938608758188E14
9.096251027081096E16
1.77025579889751296E18
1.5186433045236302E19
8.310892411204307E19
3.421093318850966E20
1.1565880402626622E21
3.384290788658299E21
8.865790109921597E21
2.1278875005797263E22
4.756667967496188E22
1.00241575314069E23
2.009924608523474E23
3.861895453207855E23
7.150977879184949E23
1.2818889155398977E24
2.2328945547628253E24
3.790982463021489E24
6.289477324707454E24
1.0218699715048384E25
1.6288972526638307E25
2.5514851041659675E25
3.93263733186324E25
5.9714296327227285E25
8.941756425784947E25
1.3216261832456874E26
1.9296555351318473E26
2.7850948565841228E26
3.976107130361032E26
5.617882092232743E26
7.859515007239153E26
1.089221856291124E27
1.4959006957080477E27
2.036596923378E27
2.749521178151894E27
3.6819494076266623E27
4.8918503491458695E27
6.44966106219191E27
8.440181272482985E27
1.0964540692751672E28
1.4142173533440878E28
1.8112711139068468E28
2.30376773562014E28
2.9101842447055454E28
3.6514061093924895E28
4.550738975146975E28
5.633825029552032E28
6.928438318121309E28
8.464131736893646E28
1.027170799083948E29
1.2382487960959148E29
1.48273531354852E29
1.7635544510861886E29
2.0833209110515336E29
2.444169738593049E29
2.84756305053942E29
3.2940775948368004E29
3.783179267284311E29
4.312993280794398E29
4.8800814295427596E29
5.479240659540295E29
6.103339735520428E29
6.743212911974309E29
7.387630852356505E29
8.02336923439322E29
8.635394152917305E29
9.207180221056305E29
9.721171869803031E29
1.015939056012621E30
1.0504180429272745E30
1.0739072511841645E30
1.0849733628076387E30
1.0824951193371579E30
1.0657590833777173E30
1.0345451423483378E30
9.891933929175369E29
9.306438361464593E29
8.604409260609483E29
7.806966205738454E29
6.94008284194444E29
6.0333157396145435E29
5.118131350110721E29
4.225931815384022E29
3.385932772351355E29
2.623090975993762E29
1.9563075810425998E29
1.397135021072175E29
9.491837547781326E28
6.083554680170112E28
3.639234899365594E28
2.0034949183579476E28
9.958808398315424E27
4.351701535762775E27
1.6075065751851492E27
4.7245998668050385E26
9.982273328216262E25
1.2537325180123642E25
6.111762317778776E23
2.973378893373293E21
18.00000192611184
4.4118525849951226E21
1.3839211920167316E24
4.377849634266918E25
5.411730449012225E26
3.996699864758318E27
2.130337804665263E28
9.064523442912099E28
3.269648383466822E29
1.0393141345206654E30
2.989270167282484E30
7.927557753876772E30
1.9656499127275981E31
4.605161121872106E31
1.0278050332594642E32
2.1994722787879044E32
4.5366317110250365E32
9.05744057665138E32
1.7565618310307088E33
3.3188311895133437E33
6.124191169884271E33
1.1060416178013033E34
1.9585727901354714E34
3.405901677970078E34
5.824219874651136E34
9.805524032629596E34
1.6269792594763995E35
2.6629820310274973E35
4.303086729032733E35
6.869551188667251E35
1.0841494755917354E36
1.692420939211494E36
2.6146006153186748E36
3.999225642718195E36
6.058917114908781E36
9.095341309828693E36
1.3532793766507975E37
1.9962956375035919E37
2.920397045588135E37
4.237763861495442E37
6.100929964595599E37
8.715568417603244E37
1.2356680478999324E38
1.7388858807941907E38
2.4291341021732356E38
3.3688580586317074E38
4.638701905210057E38
6.341862266398272E38
8.609151795135875E38
1.1604769077393669E39
1.5532716349409965E39
2.0643729603904696E39
2.724248314246599E39
3.569469954394249E39
4.6433634972289335E39
5.996521991071932E39
7.68709217622338E39
9.780716854921888E39
1.234999492738068E40
1.5473301184795828E40
1.923279489788149E40
2.37114441329101E40
2.898890706603523E40
3.513614858924553E40
4.2208736716950325E40
5.023886471616096E40
5.922628585964014E40
6.91285294402112E40
7.98509853451137E40
9.12376890822804E40
1.0306388944105577E41
1.1503170579624206E41
1.2677033864702633E41
1.378423319760854E41
1.4775723916980905E41
1.5599365554295899E41
1.6202990144184765E41
1.653826489356859E41
1.656515065966618E41
1.6256610099497053E41
1.5603069312165564E41
1.4616010579701267E41
1.3330005656707925E41
1.1802527427315094E41
1.011103817022149E41
8.347166922473764E40
6.608250887325327E40
4.987079528153843E40
3.561247035371762E40
2.383941984448579E40
1.4781062153926286E40
8.355195180898541E39
4.214423882728615E39
1.84077356676717E39
6.662486577261908E38
1.8665337969037187E38
3.610899894252292E37
3.8946663034708035E36
1.4492505893399114E35
4.02632339896114E32
20.000011022787202
0.0
