325929562998484
397707775715806
403878788390582
779502896394407
795224461502559
1123995358189941
1082625222344207
2269409023217295
1192270121342715
419960090079356
8472153219477614
7753553271352439
5932679876759960
5906168429400437
5868466779834055
5666629883368849
5630105700375236
5597216453677727
5531848440168866
5525624224135855
5472335639485725
5464851493565331
5456928721037795
5438751792813511
5420171048021634
5332244316859603
5286974751386575
5271391272914070
5258082730934352
5255369377873229
5228991473851347
5226343787441219
5190152527733165
5165241363592470
5123417877726597
5092684997521528
5015845948543689
5008808652561707
4769997383105339
3558961167664281
3515114385382490
3495662000655620
3393926797560238
3344028202493476
3328118414137528
3318720961730754
3298263287110125
3295289080758293
3284657701756902
3275869965981451
3259049711007359
3253637884964419
3251555045170998
3239621316249999
3222846601321459
3221560981432855
3215885165397920
3181016688831247
3174322592780896
3157544294512876
3146587558938477
3123257324591079
3101446040166680
2861812103962423
2852657655042339
2843473445960703
2838897686405023
2556210731181578
2548950681902780
2504955766302620
2289735747844432
2270730653075258
2246155272200442
2238083289689190
2186586318185592
2155558797955534
2152074651619514
2125039314341682
2099867773518419
2095728940609176
2088377781341881
2050153015168129
2017751001750112
2002084136645284
2000256876847076
1846573092408118
1835094976836246
1771117466558946
1762833774070311
1754726294860253
1742854552733474
1738375256498723
1736046023410678
1718029698533859
1672697209754188
1668359716872385
1655766618120631
1643171652733614
1610215146040086
1609951692721571
1565123580571436
1555334451535835
1546598729118052
1538288506627959
1523943268063572
1492100644542439
1476759672761674
1467248630384223
1464701550626780
1448660958932724
1445765735865097
1444222579356684
1432809520465148
1425509781302653
1423417324841311
1422458278182595
1416571895491609
1416295928794753
1408781656285501
1406963573155755
1406938473143493
1402397660171069
1396398544207644
1395659034251456
1389503244870690
1374090703096167
1369138876927744
1367356600412883
1361984807622756
1361635997677976
1356298631523775
1354393401637276
1342996076224500
1327402544335555
1308645263041144
1280345962500801
1280068149188448
1267745827307037
1265385240894390
1264509760752559
1262801837876002
1257095365122433
1250625662352053
1246905392515243
1241203266638851
1239798330148073
1239720740130636
1238557350023918
1230566917761986
1229059017845757
1227911091375987
1227534384723923
1227162644702547
1222752935127157
1210201939715360
1205962736845256
1204228457025860
1203115127118041
1201007553992321
1199406367561886
1198254540964009
1189049638535654
1188634995318665
1182288212566820
1181189242680501
1180301255843289
1177644143060262
1174864063247449
1174309933362448
1174128100104580
1172713166847744
1166870690548255
1161134684462125
1159100008354163
1155293575036514
1143978192815128
1141205463402316
1139028360008020
1139000523494433
1133523414173389
1128156307730499
1112297432691982
1110954459630271
1109124099952021
1107366643180058
1107115869887326
1106793783519116
1105769960020017
1105277400070248
1093187738212509
1092776368338645
1090921311857521
1090616641804223
1090111301882381
1088722858660417
1085284042367425
1080094052945512
1078557539726959
1072144780353155
1068558087406321
1063747481247208
1061149667831064
1059298621390046
1057232791888318
1056286724990729
1054963928550698
1054832458757436
1041963779771164
1032182150822148
1030811017640262
1030297457691033
1027787521256715
1025922941391910
1021551281889389
1020841655243209
1020729055255828
1017097002509478
1010427799660914
1008653850041769
1006616390025350
1006391420028642
1004955946839011
995422307793794
993967851245198
993951171270369
984668308892440
983270135623779
980746099212112
980262365998702
969611787040581
937577567091556
907671873958151
882071406083484
880099496282104
877446229910414
874861200363017
863950551234664
852975892343224
846260896779109
846113189693871
842731673372211
831958994448157
820778158889205
812714009723938
811286240246065
807756263555708
800941584394026
798074028235256
786896495820967
786137149411259
785989102570285
784245942947275
783991802594722
782214896245899
778727820207404
778182970263694
777927636552049
776329840226654
776088200062516
775416137162119
775097610570243
774501960241684
773980984016927
773461690500512
771866603837210
771442440871797
770680100781029
769052424510861
767375907724344
765907108163758
765303434623468
761931271890641
760642962029459
760434925128861
759569621747411
757716902130677
757055682393845
752110762480927
747157976433406
742459123567029
742106000362497
739895663818256
736275661037966
735046727545886
734157931033865
730696304661478
729321248267015
728736571567329
726389418599823
725822141807539
724682408540815
724476575271913
724201555502300
723441562291275
723315965447837
720498745953912
720392372579620
718726162683079
718085546084447
717700169451763
716933819590493
716455866109779
715261579557545
714764729599369
711587976809976
710223940185207
708622226876540
708174240438742
708049977147008
707712130509751
707666243664098
706191457333852
702922657446506
702824904121058
699702384472128
698851811408555
698698584724983
697507008016166
692407718490753
689955625406627
684351339530663
664296615113658
644086787269188
621026932576141
620631468928337
613506230060999
610381996972245
605499194267321
604259527681297
601853441197770
600467861216380
598876524990343
598825541960540
596410318574267
593620885810890
593332905411975
593102405556623
592850145387787
592780805494567
588403082650186
587437536113345
585628606307174
585474586471579
585044823201098
584600946347856
583454149972318
582840836545274
582825963412808
582255599964151
581333190332130
581095276803766
581082873672085
580883593407920
580519163490099
580387260113302
580075483732369
579317453748363
578757953860769
578540047005616
578001600663469
577481927178401
577089837420165
576618700568046
576568317449815
575944877263989
575737767243674
574118577425949
573911190814136
571567334334137
571245784592782
570994468026008
570032031399915
569347341518640
566580398379207
565957051720523
565888908256446
564256451757261
563854978454087
563172791964248
561308805460132
560601512345064
560399558891538
559553482371462
559371145569020
558298902510281
557739942683194
557529379157718
557247646047962
555461866208899
554879076096717
553764419562245
552223223035960
551878933142584
551310290007771
549824480196928
549454906817836
549438390160227
548112086797409
547633283493944
545727797234270
545472620699944
545438847060106
544117234053211
537103944734830
536248574946910
534762131767217
534603228350279
532615601942194
532611488563862
531945758619621
531455395345815
524995572743121
522729926270283
516948400182974
508893437587654
499751078575145
497282655489700
497212808846139
495183755747714
494835992444385
492686105963737
480869130509899
469074348389751
466333568661750
465645552123077
457901942352990
457336555809999
456722199212441
456642872490778
456258799306676
454860999784137
454337973191212
452685363360544
451046666477882
447101063415430
447053500089979
446515213972307
446117340290169
443987257374314
442632707262392
442552774119840
440495540853427
440306600849504
439731307621453
439656757795786
439550654679523
439346867733792
437906238118353
436401477992106
435699621735883
435086928289015
434720038522812
434703801532630
433031938368340
429660398804029
427668885947134
427022572378751
425235332944765
425028209256359
424526686193027
424483169554504
423154379699678
422420902900572
422346579638394
420607123299758
420393839997149
418798343648446
417984020107220
417947193611027
417875576896237
417749516949602
417442003595274
414805040367769
414193944001754
411625517667547
408736197965309
403095528265441
402790855165107
401941518570068
399034768837379
397714772376106
397652255655797
397223555579926
395992199299966
394300549349570
394010945860302
393618845969822
392170406310736
388364063184460
387946976731730
386901186792128
386599286867830
386244536811413
380918754030629
380003197559982
379889340788066
377460477702036
374465448029698
371482451794256
369885518386408
369818655242525
368993012025836
368404742041002
366704158947086
365910745668258
365851378780512
364350312521324
362993542612907
362552212633914
361795369224864
361163552817595
358608886223291
355755753330943
355379146672994
354911613481834
352932523653447
352776203672269
351248323747349
350531247252476
349471057140854
348300337471585
346033310979583
343262328006834
342951531355871
342922674665956
341163357996099
340000471648533
336853975310045
335502091924981
334546002224072
331520275845425
331085599228420
330217302625849
322923590046618
322370953414999
317438680589178
306581301593301
288722003435587
286061090342659