Zeit  1 - Standardmessrate [s]	ZwickWeg [mm]	ZwickKraft [N]	Pyrometer [°C]	Maytec [mm]
0	0,000	151,62	150,09	0,000	
0,02000	0,000	152,08	150,09	0,00014	
0,04000	0,000	152,19	150,09	0,00018	
0,06000	0,000	152,18	150,09	0,000	
0,08000	0,000	152,15	150,09	0,000	
0,1000	0,000	152,13	150,09	0,000	
0,1200	0,000	152,08	150,09	0,000	
0,1400	0,000	152,10	150,09	0,000	
0,1600	0,000	152,20	150,09	0,000	
0,1800	0,000	152,22	150,08	0,00014	
0,2000	0,000	152,20	150,08	0,000	
0,2200	0,000	152,21	150,08	0,000	
0,2400	0,000	152,20	150,07	0,000	
0,2600	0,000	152,15	150,08	0,000	
0,2800	0,000	152,11	150,08	0,000	
0,3000	0,000	152,12	150,09	0,00025	
0,3200	0,000	152,15	150,09	0,00024	
0,3400	0,000	152,14	150,09	0,00010	
0,3600	0,000	152,17	150,09	0,000	
0,3800	0,000	152,18	150,09	0,000	
0,4000	0,000	152,16	150,09	0,000	
0,4200	0,000	152,18	150,09	0,000	
0,4400	0,000	152,16	150,09	0,000	
0,4600	0,000	152,13	150,09	0,00010	
0,4800	0,000	152,19	150,09	0,000	
0,5000	0,000	152,17	150,09	0,000	
0,5200	0,000	152,13	150,09	0,000	
0,5400	0,000	152,13	150,09	0,000	
0,5600	0,000	152,10	150,09	0,000	
0,5800	0,000	152,09	150,09	0,00012	
0,6000	0,000	152,07	150,09	0,00019	
0,6200	0,000	152,09	150,09	0,00018	
0,6400	0,000	152,15	150,09	0,000	
0,6600	0,000	152,18	150,09	0,000	
0,6800	0,000	152,18	150,09	0,000	
0,7000	0,000	152,17	150,09	0,000	
0,7200	0,000	152,13	150,09	0,000	
0,7400	0,000	152,12	150,09	0,00014	
0,7600	0,000	152,12	150,09	0,00016	
0,7800	0,000	152,10	150,09	0,00011	
0,8000	0,000	152,07	150,09	0,000	
0,8200	0,000	152,08	150,08	0,000	
0,8400	0,000	152,10	150,08	0,000	
0,8600	0,000	152,12	150,08	0,000	
0,8800	0,000	152,12	150,08	0,000	
0,9000	0,000	152,14	150,08	0,00015	
0,9200	0,000	152,17	150,08	0,00012	
0,9400	0,000	152,17	150,09	0,000	
0,9600	0,000	152,17	150,09	-0,00011	
0,9800	0,000	152,11	150,09	-0,00014	
1,000	0,000	152,12	150,09	-0,00012	
1,020	0,000	152,13	150,09	0,000	
1,040	0,000	152,11	150,09	0,000	
1,060	0,000	152,05	150,09	0,00012	
1,080	0,000	152,05	150,09	0,00013	
1,100	0,000	152,15	150,09	0,000	
1,120	0,000	152,19	150,09	0,000	
1,140	0,000	152,15	150,09	0,000	
1,160	0,000	152,17	150,09	0,000	
1,180	0,000	152,20	150,09	0,00017	
1,200	0,000	152,17	150,09	0,00022	
1,220	0,000	152,15	150,09	0,00014	
1,240	0,000	152,11	150,09	0,000	
1,260	0,000	152,04	150,09	-0,00011	
1,280	0,000	152,05	150,09	-0,00012	
1,300	0,000	152,09	150,09	0,000	
1,320	0,000	152,15	150,09	0,000	
1,340	0,000	152,17	150,09	0,00019	
1,360	0,000	152,17	150,09	0,00020	
1,380	0,000	152,15	150,09	0,000	
1,400	0,000	152,18	150,09	0,000	
1,420	0,000	152,21	150,08	0,000	
1,440	0,000	152,22	150,09	0,000	
1,460	0,000	152,25	150,08	0,00013	
1,480	0,000	152,24	150,08	0,00019	
1,500	0,000	152,19	150,08	0,00017	
1,520	0,000	152,21	150,08	0,000	
1,540	0,000	152,21	150,08	0,000	
1,560	0,000	152,16	150,08	-0,00011	
1,580	0,000	152,18	150,09	0,000	
1,600	0,000	152,18	150,09	0,000	
1,620	0,000	152,16	150,09	0,00011	
1,640	0,000	152,17	150,09	0,00015	
1,660	0,000	152,16	150,09	0,000	
1,680	0,000	152,14	150,09	0,000	
1,700	0,000	152,08	150,09	-0,00015	
1,720	0,000	152,04	150,09	0,000	
1,740	0,000	152,07	150,09	0,000	
1,760	0,000	152,09	150,09	0,00017	
1,780	0,000	152,14	150,09	0,00023	
1,800	0,000	152,17	150,09	0,00025	
1,820	0,000	152,08	150,09	0,00016	
1,840	0,000	152,07	150,09	0,000	
1,860	0,000	152,07	150,09	0,000	
1,880	0,000	152,09	150,09	0,000	
1,900	0,000	152,07	150,09	0,000	
1,920	0,000	152,05	150,09	0,00012	
1,940	0,000	152,06	150,09	0,00020	
1,960	0,000	152,10	150,09	0,00013	
1,980	0,000	152,09	150,09	0,000	
2,000	0,000	152,05	150,09	-0,00016	
2,020	0,000	152,05	150,09	-0,00011	
2,040	0,000	152,06	150,09	0,000	
2,060	0,000	152,06	150,09	0,000	
2,080	0,000	152,07	150,09	0,00011	
2,100	0,000	152,07	150,09	0,00011	
2,120	0,000	152,08	150,09	0,000	
2,140	0,000	152,10	150,09	0,000	
2,160	0,000	151,88	150,09	0,000	
2,180	0,000	150,48	150,09	0,000	
2,200	0,000	149,43	150,08	0,000	
2,220	0,000	149,80	150,08	0,00013	
2,240	0,000	150,69	150,08	0,00011	
2,260	0,000	151,07	150,08	0,000	
2,280	0,000	151,58	150,08	0,000	
2,300	0,000	151,69	150,08	0,000	
2,320	0,000	151,26	150,09	0,000	
2,340	0,000	151,53	150,09	0,000	
2,360	0,000	152,01	150,09	0,00019	
2,380	0,000	152,16	150,09	0,00060	
2,400	0,000	152,12	150,09	0,00125	
2,420	0,000	152,08	150,09	0,00155	
2,440	0,000	152,09	150,09	0,00157	
2,460	0,000	152,15	150,09	0,00154	
2,480	0,000	152,17	150,09	0,00158	
2,500	0,000	152,19	150,09	0,00167	
2,520	0,000	152,19	150,09	0,00180	
2,540	0,000	152,21	150,09	0,00184	
2,560	0,000	152,22	150,09	0,00170	
2,580	0,000	152,14	150,09	0,00157	
2,600	0,000	152,11	150,09	0,00146	
2,620	0,000	152,09	150,09	0,00096	
2,640	0,000	152,07	150,09	0,00042	
2,660	0,000	152,11	150,09	0,00024	
2,680	0,000	152,12	150,08	0,00018	
2,700	0,000	152,17	150,08	0,000	
2,720	0,000	151,98	150,08	-0,00012	
2,740	0,000	150,91	150,08	-0,00013	
2,760	0,000	151,03	150,08	0,000	
2,780	0,000	151,85	150,08	0,000	
2,800	0,000	152,23	150,08	0,000	
2,820	0,000	152,28	150,08	0,00020	
2,840	0,000	152,21	150,09	0,00016	
2,860	0,000	151,90	150,09	0,000	
2,880	0,000	150,52	150,09	-0,00012	
2,900	0,000	149,23	150,09	0,000	
2,920	0,000	148,78	150,09	0,000	
2,940	0,000	148,76	150,09	0,000	
2,960	0,000	148,76	150,09	0,00010	
2,980	0,000	148,80	150,09	0,00014	
3,000	0,000	149,63	150,09	0,000	
3,020	0,000	151,11	150,09	0,000	
3,040	0,000	151,94	150,09	-0,00010	
3,060	0,000	152,13	150,09	0,000	
3,080	0,000	152,17	150,09	0,00013	
3,100	0,000	152,15	150,09	0,00023	
3,120	0,000	152,07	150,09	0,00026	
3,140	0,000	151,23	150,08	0,00016	
3,160	0,000	149,78	150,08	0,000	
3,180	0,000	149,05	150,08	0,000	
3,200	0,000	149,66	150,08	0,000	
3,220	0,000	151,12	150,08	0,000	
3,240	0,000	151,98	150,08	0,000	
3,260	0,000	152,19	150,08	0,00019	
3,280	0,000	152,16	150,09	0,00016	
3,300	0,000	152,17	150,09	0,000	
3,320	0,000	152,18	150,09	0,000	
3,340	0,000	152,18	150,09	0,000	
3,360	0,000	152,16	150,09	0,000	
3,380	0,000	152,14	150,09	0,00017	
3,400	0,000	152,25	150,09	0,00013	
3,420	0,000	152,30	150,09	0,00017	
3,440	0,000	152,24	150,09	0,00013	
3,460	0,000	152,15	150,09	0,000	
3,480	0,000	152,13	150,09	-0,00015	
3,500	0,000	152,18	150,09	0,000	
3,520	0,000	152,29	150,09	0,000	
3,540	0,000	152,28	150,09	0,00022	
3,560	0,000	152,26	150,09	0,00025	
3,580	0,000	152,26	150,09	0,00015	
3,600	0,000	152,25	150,09	0,000	
3,620	0,000	152,19	150,09	-0,00017	
3,640	0,000	152,18	150,09	-0,00016	
3,660	0,000	152,30	150,09	0,000	
3,680	0,000	152,32	150,09	0,000	
3,700	0,000	152,22	150,09	0,000	
3,720	0,000	152,19	150,09	0,000	
3,740	0,000	152,27	150,09	0,000	
3,760	0,000	152,26	150,09	-0,00017	
3,780	0,000	152,23	150,09	-0,00014	
3,800	0,000	152,18	150,09	0,000	
3,820	0,000	152,17	150,08	0,000	
3,840	0,000	152,21	150,08	0,000	
3,860	0,000	152,21	150,08	0,00018	
3,880	0,000	152,24	150,08	0,00015	
3,900	0,000	152,19	150,08	0,000	
3,920	0,000	152,18	150,08	0,000	
3,940	0,000	152,21	150,09	0,000	
3,960	0,000	152,15	150,09	0,000	
3,980	0,000	152,12	150,09	0,00017	
4,000	0,000	152,17	150,09	0,00015	
4,020	0,000	152,22	150,09	0,000	
4,040	0,000	152,16	150,09	0,000	
4,060	0,000	152,10	150,09	0,000	
4,080	0,000	152,08	150,09	-0,00010	
4,100	0,000	152,11	150,09	0,000	
4,120	0,000	152,15	150,09	0,000	
4,140	0,000	152,19	150,09	0,00013	
4,160	0,000	152,19	150,09	0,00012	
4,180	0,000	152,16	150,09	0,000	
4,200	0,000	152,11	150,09	-0,00016	
4,220	0,000	152,09	150,09	-0,00015	
4,240	0,000	152,11	150,08	0,000	
4,260	0,000	152,10	150,08	0,000	
4,280	0,000	152,15	150,08	0,00014	
4,300	0,000	152,20	150,08	0,00013	
4,320	0,000	152,22	150,08	0,000	
4,340	0,000	152,21	150,08	0,000	
4,360	0,000	152,23	150,09	0,000	
4,380	0,000	152,18	150,09	0,000	
4,400	0,000	152,15	150,09	0,00010	
4,420	0,000	152,17	150,09	0,00016	
4,440	0,000	152,18	150,09	0,00015	
4,460	0,000	152,18	150,09	0,000	
4,480	0,000	152,22	150,09	0,000	
4,500	0,000	152,20	150,09	-0,00011	
4,520	0,000	152,20	150,09	0,000	
4,540	0,000	152,21	150,09	0,000	
4,560	0,000	152,17	150,09	0,00013	
4,580	0,000	152,17	150,09	0,00020	
4,600	0,000	152,19	150,09	0,00015	
4,620	0,000	152,14	150,09	0,000	
4,640	0,000	152,19	150,09	-0,00012	
4,660	0,000	152,25	150,09	0,000	
4,680	0,000	152,19	150,09	0,000	
4,700	0,000	152,15	150,09	0,000	
4,720	0,000	152,16	150,09	0,000	
4,740	0,000	152,18	150,09	0,000	
4,760	0,000	152,18	150,09	0,000	
4,780	0,000	152,20	150,09	-0,00012	
4,800	0,000	152,23	150,09	-0,00014	
4,820	0,000	152,18	150,09	0,000	
4,840	0,000	152,09	150,09	0,00011	
4,860	0,000	152,13	150,09	0,00022	
4,880	0,000	152,19	150,09	0,00025	
4,900	0,000	152,18	150,09	0,00013	
4,920	0,000	152,13	150,10	0,000	
4,940	0,000	152,15	150,09	0,000	
4,960	0,000	152,19	150,09	0,000	
4,980	0,000	152,20	150,09	0,000	
5,000	0,000	152,24	150,09	0,000	
5,020	0,000	152,23	150,09	0,00021	
5,040	0,000	152,19	150,09	0,00022	
5,060	0,000	152,21	150,09	0,00013	
5,080	0,000	152,20	150,09	0,000	
5,100	0,000	152,18	150,09	0,000	
5,120	0,000	152,17	150,09	0,000	
5,140	0,000	152,14	150,09	0,000	
5,160	0,000	152,12	150,09	0,00020	
5,180	0,000	152,11	150,09	0,00027	
5,200	0,000	152,15	150,09	0,00019	
5,220	0,000	152,19	150,09	0,000	
5,240	0,000	152,21	150,09	0,000	
5,260	0,000	152,20	150,09	0,000	
5,280	0,000	152,17	150,09	0,000	
5,300	0,000	152,17	150,09	0,00014	
5,320	0,000	152,19	150,10	0,00020	
5,340	0,000	152,21	150,10	0,00016	
5,360	0,000	152,18	150,09	0,000	
5,380	0,000	152,16	150,09	0,000	
5,400	0,000	152,14	150,09	0,000	
5,420	0,000	152,32	150,10	0,000	
5,440	-0,00053	154,56	150,22	-0,00054	
5,460	0,00016	129,38	150,06	-0,00139	
5,480	0,00037	85,61	150,01	-0,00142	
5,500	0,00017	44,96	150,06	-0,00120	
5,520	0,00034	6,657	150,09	-0,00116	
5,540	0,00224	-26,72	150,09	-0,00119	
5,560	0,00621	-33,20	150,09	-0,00109	
5,580	0,01065	-9,173	150,09	-0,00089	
5,600	0,01471	22,29	150,09	-0,00073	
5,620	0,01831	55,69	150,09	-0,00072	
5,640	0,02109	88,37	150,09	-0,00081	
5,660	0,02292	114,82	150,09	-0,00091	
5,680	0,02402	132,26	150,09	-0,00092	
5,700	0,02461	142,60	150,09	-0,00087	
5,720	0,02481	148,83	150,09	-0,00083	
5,740	0,02484	151,63	150,09	-0,00082	
5,760	0,02485	153,00	150,09	-0,00083	
5,780	0,02484	154,49	150,09	-0,00087	
5,800	0,02483	155,36	150,09	-0,00094	
5,820	0,02484	155,52	150,09	-0,00101	
5,840	0,02484	155,53	150,09	-0,00099	
5,860	0,02483	155,62	150,09	-0,00091	
5,880	0,02467	155,64	150,08	-0,00084	
5,900	0,02437	155,62	150,08	-0,00081	
5,920	0,02420	155,66	150,08	-0,00086	
5,940	0,02416	155,72	150,08	-0,00098	
5,960	0,02417	155,63	150,08	-0,00111	
5,980	0,02416	155,55	150,09	-0,00120	
6,000	0,02416	155,47	150,09	-0,00110	
6,020	0,02413	155,47	150,09	-0,00101	
6,040	0,02385	155,51	150,09	-0,00092	
6,060	0,02359	155,49	150,09	-0,00085	
6,080	0,02350	155,47	150,09	-0,00085	
6,100	0,02348	155,51	150,09	-0,00089	
6,120	0,02348	155,32	150,09	-0,00089	
6,140	0,02347	153,98	150,09	-0,00086	
6,160	0,02347	153,40	150,09	-0,00084	
6,180	0,02349	153,66	150,09	-0,00081	
6,200	0,02346	152,96	150,09	-0,00074	
6,220	0,02318	152,26	150,09	-0,00076	
6,240	0,02291	152,02	150,09	-0,00091	
6,260	0,02280	152,00	150,09	-0,00103	
6,280	0,02279	152,07	150,09	-0,00100	
6,300	0,02280	152,08	150,09	-0,00093	
6,320	0,02281	152,07	150,09	-0,00082	
6,340	0,02280	152,12	150,09	-0,00071	
6,360	0,02281	152,19	150,08	-0,00068	
6,380	0,02282	152,16	150,08	-0,00078	
6,400	0,02281	152,19	150,08	-0,00088	
6,420	0,02282	152,12	150,08	-0,00093	
6,440	0,02281	152,11	150,08	-0,00095	
6,460	0,02281	152,19	150,09	-0,00093	
6,480	0,02283	152,19	150,09	-0,00082	
6,500	0,02283	152,19	150,09	-0,00070	
6,520	0,02283	152,18	150,09	-0,00065	
6,540	0,02283	152,14	150,09	-0,00078	
6,560	0,02267	152,20	150,09	-0,00098	
6,580	0,02237	152,25	150,09	-0,00103	
6,600	0,02218	152,29	150,09	-0,00092	
6,620	0,02213	152,30	150,09	-0,00076	
6,640	0,02212	152,31	150,09	-0,00068	
6,660	0,02213	152,29	150,09	-0,00072	
6,680	0,02214	152,16	150,09	-0,00084	
6,700	0,02215	152,09	150,09	-0,00092	
6,720	0,02214	152,10	150,09	-0,00093	
6,740	0,02214	152,11	150,09	-0,00089	
6,760	0,02214	152,19	150,09	-0,00076	
6,780	0,02214	152,22	150,09	-0,00071	
6,800	0,02215	152,12	150,09	-0,00071	
6,820	0,02214	152,11	150,09	-0,00075	
6,840	0,02212	152,15	150,09	-0,00087	
6,860	0,02213	152,19	150,09	-0,00102	
6,880	0,02213	152,20	150,09	-0,00102	
6,900	0,02214	152,15	150,09	-0,00089	
6,920	0,02215	152,06	150,09	-0,00076	
6,940	0,02214	152,02	150,09	-0,00071	
6,960	0,02213	152,04	150,09	-0,00072	
6,980	0,02213	152,07	150,09	-0,00085	
7,000	0,02214	152,06	150,09	-0,00096	
7,020	0,02214	152,05	150,09	-0,00097	
7,040	0,02213	152,04	150,09	-0,00091	
7,060	0,02214	152,07	150,09	-0,00080	
7,080	0,02214	152,12	150,09	-0,00075	
7,100	0,02215	152,06	150,09	-0,00072	
7,120	0,02216	152,09	150,09	-0,00079	
7,140	0,02215	152,15	150,09	-0,00095	
7,160	0,02214	152,12	150,09	-0,00100	
7,180	0,02200	152,14	150,09	-0,00093	
7,200	0,02169	152,21	150,09	-0,00087	
7,220	0,02151	152,19	150,09	-0,00079	
7,240	0,02148	152,12	150,09	-0,00066	
7,260	0,02149	152,14	150,08	-0,00064	
7,280	0,02148	152,12	150,08	-0,00073	
7,300	0,02148	152,01	150,08	-0,00084	
7,320	0,02147	152,01	150,08	-0,00087	
7,340	0,02147	152,10	150,08	-0,00090	
7,360	0,02149	152,17	150,08	-0,00086	
7,380	0,02150	152,21	150,09	-0,00072	
7,400	0,02148	152,23	150,09	-0,00074	
7,420	0,02148	152,17	150,09	-0,00091	
7,440	0,02148	152,08	150,09	-0,00095	
7,460	0,02149	152,04	150,09	-0,00092	
7,480	0,02148	152,11	150,09	-0,00086	
7,500	0,02146	152,16	150,09	-0,00075	
7,520	0,02146	152,19	150,09	-0,00066	
7,540	0,02147	152,18	150,09	-0,00069	
7,560	0,02146	152,20	150,10	-0,00079	
7,580	0,02146	152,17	150,10	-0,00087	
7,600	0,02147	152,17	150,09	-0,00095	
7,620	0,02147	152,24	150,09	-0,00089	
7,640	0,02146	152,28	150,09	-0,00077	
7,660	0,02146	152,15	150,09	-0,00076	
7,680	0,02147	152,06	150,09	-0,00074	
7,700	0,02146	152,13	150,09	-0,00071	
7,720	0,02147	152,13	150,09	-0,00077	
7,740	0,02146	152,08	150,09	-0,00084	
7,760	0,02147	152,06	150,09	-0,00091	
7,780	0,02149	152,04	150,09	-0,00090	
7,800	0,02148	152,09	150,09	-0,00083	
7,820	0,02147	152,12	150,09	-0,00069	
7,840	0,02147	152,14	150,09	-0,00062	
7,860	0,02147	152,13	150,09	-0,00071	
7,880	0,02147	152,11	150,09	-0,00090	
7,900	0,02149	152,11	150,09	-0,00100	
7,920	0,02149	152,08	150,09	-0,00096	
7,940	0,02148	152,05	150,08	-0,00081	
7,960	0,02148	152,08	150,08	-0,00067	
7,980	0,02147	152,15	150,08	-0,00069	
8,000	0,02148	152,20	150,08	-0,00080	
8,020	0,02148	152,21	150,08	-0,00084	
8,040	0,02148	152,20	150,08	-0,00086	
8,060	0,02147	152,20	150,08	-0,00086	
8,080	0,02133	152,16	150,08	-0,00082	
8,100	0,02102	152,16	150,09	-0,00070	
8,120	0,02084	152,16	150,09	-0,00063	
8,140	0,02081	152,11	150,09	-0,00063	
8,160	0,02082	152,15	150,09	-0,00081	
8,180	0,02081	152,19	150,09	-0,00091	
8,200	0,02080	152,17	150,09	-0,00092	
8,220	0,02081	152,17	150,09	-0,00090	
8,240	0,02082	152,17	150,09	-0,00080	
8,260	0,02082	152,17	150,09	-0,00069	
8,280	0,02082	152,15	150,09	-0,00066	
8,300	0,02082	152,17	150,09	-0,00068	
8,320	0,02081	152,13	150,09	-0,00087	
8,340	0,02080	152,10	150,09	-0,00098	
8,360	0,02080	152,11	150,09	-0,00097	
8,380	0,02081	152,09	150,09	-0,00083	
8,400	0,02082	152,00	150,09	-0,00068	
8,420	0,02082	151,97	150,09	-0,00063	
8,440	0,02082	152,00	150,09	-0,00070	
8,460	0,02082	152,02	150,09	-0,00083	
8,480	0,02081	152,11	150,09	-0,00098	
8,500	0,02081	151,99	150,09	-0,00101	
8,520	0,02082	151,43	150,09	-0,00090	
8,540	0,02082	151,66	150,09	-0,00077	
8,560	0,02081	152,07	150,09	-0,00070	
8,580	0,02080	152,22	150,09	-0,00071	
8,600	0,02078	152,27	150,09	-0,00071	
8,620	0,02079	152,26	150,09	-0,00080	
8,640	0,02080	152,27	150,09	-0,00092	
8,660	0,02080	152,39	150,09	-0,00093	
8,680	0,02078	152,33	150,08	-0,00082	
8,700	0,02078	152,19	150,08	-0,00065	
8,720	0,02079	152,14	150,08	-0,00058	
8,740	0,02080	152,16	150,08	-0,00067	
8,760	0,02080	152,18	150,08	-0,00072	
8,780	0,02080	152,19	150,09	-0,00078	
8,800	0,02080	152,19	150,09	-0,00085	
8,820	0,02081	152,16	150,09	-0,00078	
8,840	0,02081	152,16	150,09	-0,00064	
8,860	0,02081	152,15	150,09	-0,00054	
8,880	0,02082	152,09	150,09	-0,00051	
8,900	0,02081	152,06	150,09	-0,00063	
8,920	0,02080	152,07	150,09	-0,00078	
8,940	0,02080	152,04	150,09	-0,00090	
8,960	0,02079	152,08	150,09	-0,00092	
8,980	0,02079	152,13	150,09	-0,00080	
9,000	0,02079	152,19	150,09	-0,00064	
9,020	0,02079	152,24	150,09	-0,00064	
9,040	0,02064	152,21	150,09	-0,00073	
9,060	0,02034	152,13	150,09	-0,00079	
9,080	0,02016	152,18	150,09	-0,00080	
9,100	0,02013	152,21	150,09	-0,00087	
9,120	0,02014	152,19	150,09	-0,00087	
9,140	0,02014	152,17	150,09	-0,00076	
9,160	0,02015	152,16	150,09	-0,00064	
9,180	0,02015	152,20	150,09	-0,00056	
9,200	0,02013	152,23	150,09	-0,00061	
9,220	0,02012	152,16	150,09	-0,00071	
9,240	0,02013	152,14	150,09	-0,00083	
9,260	0,02013	152,24	150,09	-0,00085	
9,280	0,02014	152,19	150,09	-0,00076	
9,300	0,02014	152,11	150,09	-0,00065	
9,320	0,02013	152,10	150,09	-0,00061	
9,340	0,02014	152,14	150,08	-0,00060	
9,360	0,02015	152,19	150,08	-0,00067	
9,380	0,02015	152,24	150,08	-0,00075	
9,400	0,02014	152,26	150,08	-0,00082	
9,420	0,02014	152,23	150,08	-0,00080	
9,440	0,02013	152,13	150,08	-0,00070	
9,460	0,02011	152,13	150,09	-0,00063	
9,480	0,02012	152,17	150,09	-0,00056	
9,500	0,02012	152,15	150,09	-0,00067	
9,520	0,02011	152,13	150,09	-0,00081	
9,540	0,02012	152,12	150,09	-0,00087	
9,560	0,02013	152,15	150,09	-0,00082	
9,580	0,02013	152,14	150,09	-0,00070	
9,600	0,02012	152,05	150,09	-0,00059	
9,620	0,02013	151,99	150,09	-0,00053	
9,640	0,02013	152,02	150,09	-0,00057	
9,660	0,02013	152,04	150,09	-0,00073	
9,680	0,02012	152,04	150,09	-0,00083	
9,700	0,02010	152,08	150,09	-0,00080	
9,720	0,02009	152,13	150,09	-0,00077	
9,740	0,02010	152,13	150,09	-0,00066	
9,760	0,02010	152,12	150,09	-0,00055	
9,780	0,02009	152,05	150,09	-0,00054	
9,800	0,02009	152,03	150,09	-0,00063	
9,820	0,02009	152,13	150,09	-0,00076	
9,840	0,02010	152,20	150,09	-0,00083	
9,860	0,02013	152,12	150,10	-0,00083	
9,880	0,02013	152,07	150,10	-0,00077	
9,900	0,02014	152,06	150,09	-0,00071	
9,920	0,02014	152,04	150,09	-0,00064	
9,940	0,02012	152,11	150,09	-0,00060	
9,960	0,02011	152,12	150,09	-0,00070	
9,980	0,02011	152,10	150,09	-0,00087	
10,00	0,02010	152,14	150,09	-0,00085	
10,02	0,02011	152,23	150,08	-0,00076	
10,04	0,02013	152,26	150,08	-0,00071	
10,06	0,02011	152,23	150,08	-0,00067	
10,08	0,02011	152,16	150,08	-0,00064	
10,10	0,02013	152,14	150,08	-0,00073	
10,12	0,02013	152,21	150,08	-0,00083	
10,14	0,02012	152,23	150,09	-0,00088	
10,16	0,02012	152,17	150,09	-0,00083	
10,18	0,02011	152,10	150,09	-0,00071	
10,20	0,02010	152,02	150,09	-0,00059	
10,22	0,02011	152,07	150,09	-0,00059	
10,24	0,02013	152,18	150,09	-0,00064	
10,26	0,02014	152,20	150,09	-0,00075	
10,28	0,02000	152,18	150,09	-0,00081	
10,30	0,01971	152,23	150,09	-0,00075	
10,32	0,01952	152,39	150,09	-0,00059	
10,34	0,01948	152,39	150,09	-0,00049	
10,36	0,01949	152,34	150,09	-0,00049	
10,38	0,01949	152,34	150,09	-0,00062	
10,40	0,01948	152,30	150,09	-0,00078	
10,42	0,01946	152,30	150,09	-0,00086	
10,44	0,01946	152,27	150,09	-0,00087	
10,46	0,01947	152,24	150,09	-0,00079	
10,48	0,01947	152,26	150,09	-0,00063	
10,50	0,01948	152,23	150,09	-0,00057	
10,52	0,01948	152,17	150,09	-0,00056	
10,54	0,01948	152,22	150,09	-0,00063	
10,56	0,01946	152,17	150,09	-0,00073	
10,58	0,01945	152,11	150,09	-0,00080	
10,60	0,01944	152,14	150,09	-0,00075	
10,62	0,01945	152,18	150,09	-0,00066	
10,64	0,01947	152,18	150,09	-0,00065	
10,66	0,01947	152,26	150,09	-0,00067	
10,68	0,01947	152,24	150,09	-0,00068	
10,70	0,01948	152,13	150,09	-0,00076	
10,72	0,01948	152,12	150,09	-0,00081	
10,74	0,01948	152,20	150,09	-0,00082	
10,76	0,01949	152,28	150,09	-0,00082	
10,78	0,01949	152,27	150,09	-0,00071	
10,80	0,01948	152,24	150,09	-0,00058	
10,82	0,01948	152,13	150,09	-0,00056	
10,84	0,01949	152,15	150,09	-0,00067	
10,86	0,01949	152,23	150,09	-0,00078	
10,88	0,01948	152,21	150,09	-0,00085	
10,90	0,01948	152,18	150,09	-0,00079	
10,92	0,01949	152,21	150,10	-0,00071	
10,94	0,01950	152,16	150,09	-0,00064	
10,96	0,01950	152,16	150,09	-0,00058	
10,98	0,01950	152,20	150,09	-0,00059	
11,00	0,01949	152,19	150,09	-0,00073	
11,02	0,01949	152,18	150,09	-0,00083	
11,04	0,01948	152,17	150,09	-0,00079	
11,06	0,01949	152,13	150,09	-0,00065	
11,08	0,01949	152,11	150,09	-0,00058	
11,10	0,01949	152,16	150,09	-0,00059	
11,12	0,01948	152,14	150,09	-0,00062	
11,14	0,01947	152,09	150,09	-0,00069	
11,16	0,01947	152,12	150,09	-0,00070	
11,18	0,01948	152,18	150,09	-0,00067	
11,20	0,01949	152,21	150,09	-0,00069	
11,22	0,01950	152,17	150,09	-0,00068	
11,24	0,01949	152,15	150,09	-0,00060	
11,26	0,01948	152,12	150,09	-0,00058	
11,28	0,01948	152,15	150,09	-0,00066	
11,30	0,01946	152,18	150,09	-0,00083	
11,32	0,01945	152,12	150,08	-0,00083	
11,34	0,01946	152,16	150,08	-0,00066	
11,36	0,01946	152,21	150,08	-0,00053	
11,38	0,01947	152,21	150,08	-0,00047	
11,40	0,01947	152,15	150,08	-0,00048	
11,42	0,01945	152,11	150,08	-0,00054	
11,44	0,01945	152,10	150,08	-0,00066	
11,46	0,01944	152,16	150,09	-0,00068	
11,48	0,01945	152,22	150,09	-0,00066	
11,50	0,01947	152,16	150,09	-0,00058	
11,52	0,01947	152,10	150,09	-0,00055	
11,54	0,01946	152,13	150,09	-0,00060	
11,56	0,01946	152,07	150,09	-0,00057	
11,58	0,01946	152,05	150,09	-0,00060	
11,60	0,01947	152,04	150,09	-0,00073	
11,62	0,01949	152,09	150,09	-0,00077	
11,64	0,01949	152,13	150,09	-0,00072	
11,66	0,01949	152,10	150,09	-0,00058	
11,68	0,01947	152,14	150,09	-0,00045	
11,70	0,01945	152,16	150,09	-0,00041	
11,72	0,01945	152,10	150,09	-0,00048	
11,74	0,01945	152,03	150,09	-0,00069	
11,76	0,01945	152,12	150,09	-0,00078	
11,78	0,01944	152,22	150,09	-0,00072	
11,80	0,01945	152,23	150,09	-0,00060	
11,82	0,01947	152,24	150,08	-0,00050	
11,84	0,01947	152,21	150,08	-0,00045	
11,86	0,01948	152,18	150,08	-0,00051	
11,88	0,01944	152,17	150,08	-0,00063	
11,90	0,01919	152,12	150,08	-0,00072	
11,92	0,01891	152,06	150,08	-0,00073	
11,94	0,01879	152,06	150,09	-0,00065	
11,96	0,01876	152,12	150,09	-0,00056	
11,98	0,01877	152,22	150,09	-0,00055	
12,00	0,01880	152,22	150,09	-0,00051	
12,02	0,01881	152,24	150,09	-0,00060	
12,04	0,01881	152,28	150,09	-0,00077	
12,06	0,01879	152,29	150,09	-0,00081	
12,08	0,01880	152,25	150,09	-0,00078	
12,10	0,01882	152,25	150,09	-0,00070	
12,12	0,01880	152,31	150,09	-0,00056	
12,14	0,01879	152,26	150,09	-0,00044	
12,16	0,01881	152,18	150,09	-0,00047	
12,18	0,01880	152,18	150,09	-0,00066	
12,20	0,01879	152,17	150,09	-0,00078	
12,22	0,01880	152,10	150,09	-0,00075	
12,24	0,01880	152,11	150,09	-0,00061	
12,26	0,01881	152,11	150,09	-0,00044	
12,28	0,01881	151,96	150,09	-0,00040	
12,30	0,01881	151,43	150,09	-0,00051	
12,32	0,01881	151,55	150,09	-0,00063	
12,34	0,01881	151,95	150,09	-0,00070	
12,36	0,01882	152,08	150,09	-0,00070	
12,38	0,01881	152,14	150,09	-0,00063	
12,40	0,01881	152,18	150,09	-0,00055	
12,42	0,01882	152,20	150,08	-0,00050	
12,44	0,01882	152,23	150,07	-0,00047	
12,46	0,01872	152,79	150,10	-0,00045	
12,48	0,01862	152,16	150,12	-0,00058	
12,50	0,01871	144,18	150,11	-0,00074	
12,52	0,01881	131,12	150,09	-0,00082	
12,54	0,01884	117,59	150,08	-0,00079	
12,56	0,01900	104,32	150,07	-0,00071	
12,58	0,01958	91,44	150,07	-0,00062	
12,60	0,02046	82,58	150,07	-0,00052	
12,62	0,02146	77,48	150,08	-0,00047	
12,64	0,02245	73,20	150,08	-0,00059	
12,66	0,02361	67,78	150,08	-0,00077	
12,68	0,02492	62,66	150,08	-0,00086	
12,70	0,02628	59,37	150,08	-0,00077	
12,72	0,02765	58,81	150,08	-0,00066	
12,74	0,02900	60,30	150,08	-0,00055	
12,76	0,03046	62,75	150,08	-0,00049	
12,78	0,03211	65,65	150,07	-0,00059	
12,80	0,03361	67,51	150,08	-0,00075	
12,82	0,03473	68,07	150,08	-0,00083	
12,84	0,03578	68,02	150,08	-0,00080	
12,86	0,03701	67,97	150,08	-0,00071	
12,88	0,03836	67,99	150,08	-0,00064	
12,90	0,03970	68,03	150,08	-0,00056	
12,92	0,04103	68,08	150,08	-0,00055	
12,94	0,04236	68,06	150,08	-0,00069	
12,96	0,04370	68,02	150,07	-0,00083	
12,98	0,04505	68,00	150,07	-0,00086	
13,00	0,04639	68,03	150,08	-0,00079	
13,02	0,04773	68,05	150,08	-0,00071	
13,04	0,04907	68,04	150,09	-0,00065	
13,06	0,05041	68,07	150,09	-0,00062	
13,08	0,05175	68,13	150,08	-0,00069	
13,10	0,05308	68,18	150,09	-0,00079	
13,12	0,05442	68,15	150,09	-0,00080	
13,14	0,05576	68,10	150,09	-0,00080	
13,16	0,05710	68,11	150,08	-0,00079	
13,18	0,05844	68,19	150,08	-0,00066	
13,20	0,05979	67,64	150,08	-0,00055	
13,22	0,06114	66,08	150,07	-0,00060	
13,24	0,06248	65,06	150,08	-0,00073	
13,26	0,06382	64,84	150,08	-0,00084	
13,28	0,06516	64,79	150,09	-0,00086	
13,30	0,06652	64,79	150,09	-0,00076	
13,32	0,06788	64,81	150,09	-0,00059	
13,34	0,06922	64,80	150,09	-0,00054	
13,36	0,07056	64,81	150,09	-0,00050	
13,38	0,07189	64,82	150,09	-0,00058	
13,40	0,07324	64,84	150,09	-0,00074	
13,42	0,07462	64,84	150,09	-0,00080	
13,44	0,07621	64,81	150,09	-0,00080	
13,46	0,07784	64,79	150,08	-0,00074	
13,48	0,07930	64,75	150,08	-0,00061	
13,50	0,08064	64,72	150,08	-0,00051	
13,52	0,08197	64,72	150,07	-0,00053	
13,54	0,08332	64,78	150,07	-0,00073	
13,56	0,08467	64,66	150,08	-0,00086	
13,58	0,08601	63,44	150,08	-0,00084	
13,60	0,08735	62,03	150,09	-0,00073	
13,62	0,08870	61,44	150,09	-0,00061	
13,64	0,09004	61,37	150,09	-0,00055	
13,66	0,09137	61,41	150,08	-0,00059	
13,68	0,09276	61,36	150,08	-0,00075	
13,70	0,09435	61,32	150,09	-0,00084	
13,72	0,09595	61,32	150,08	-0,00086	
13,74	0,09741	61,12	150,08	-0,00079	
13,76	0,09876	59,84	150,08	-0,00064	
13,78	0,1001	58,54	150,08	-0,00053	
13,80	0,1014	58,08	150,08	-0,00054	
13,82	0,1028	57,99	150,08	-0,00065	
13,84	0,1044	57,99	150,09	-0,00081	
13,86	0,1060	58,05	150,09	-0,00083	
13,88	0,1075	58,11	150,09	-0,00074	
13,90	0,1088	58,12	150,09	-0,00062	
13,92	0,1102	58,00	150,09	-0,00053	
13,94	0,1118	57,99	150,09	-0,00051	
13,96	0,1134	58,08	150,09	-0,00059	
13,98	0,1149	58,09	150,09	-0,00078	
14,00	0,1162	58,03	150,09	-0,00089	
14,02	0,1176	58,02	150,09	-0,00090	
14,04	0,1190	58,01	150,08	-0,00070	
14,06	0,1206	58,00	150,08	-0,00050	
14,08	0,1222	57,99	150,08	-0,00047	
14,10	0,1236	58,01	150,08	-0,00052	
14,12	0,1250	58,10	150,08	-0,00066	
14,14	0,1266	58,09	150,09	-0,00081	
14,16	0,1282	57,41	150,09	-0,00079	
14,18	0,1296	55,89	150,09	-0,00072	
14,20	0,1310	54,89	150,09	-0,00063	
14,22	0,1326	54,66	150,09	-0,00052	
14,24	0,1342	54,69	150,09	-0,00050	
14,26	0,1357	54,69	150,09	-0,00059	
14,28	0,1373	54,63	150,09	-0,00073	
14,30	0,1389	54,64	150,09	-0,00080	
14,32	0,1404	54,68	150,09	-0,00083	
14,34	0,1420	54,68	150,09	-0,00073	
14,36	0,1436	54,67	150,09	-0,00063	
14,38	0,1451	54,60	150,09	-0,00059	
14,40	0,1468	54,56	150,09	-0,00053	
14,42	0,1484	54,56	150,09	-0,00054	
14,44	0,1498	54,56	150,08	-0,00068	
14,46	0,1513	54,57	150,19	-0,00081	
14,48	0,1529	54,48	150,68	-0,00080	
14,50	0,1545	53,29	150,91	-0,00073	
14,52	0,1559	51,88	151,34	-0,00060	
14,54	0,1575	51,31	152,24	-0,00055	
14,56	0,1591	51,30	153,17	-0,00057	
14,58	0,1607	51,30	154,01	-0,00069	
14,60	0,1623	51,25	155,06	-0,00082	
14,62	0,1639	51,28	156,09	-0,00085	
14,64	0,1654	51,10	156,98	-0,00070	
14,66	0,1671	49,85	158,28	-0,00057	
14,68	0,1686	48,48	160,03	-0,00053	
14,70	0,1703	47,95	162,02	-0,00054	
14,72	0,1719	47,92	164,16	-0,00067	
14,74	0,1735	47,91	166,27	-0,00082	
14,76	0,1751	47,96	167,81	-0,00084	
14,78	0,1768	47,99	168,86	-0,00074	
14,80	0,1785	47,97	169,86	-0,00064	
14,82	0,1800	47,92	171,35	-0,00064	
14,84	0,1817	47,82	173,32	-0,00066	
14,86	0,1833	47,83	175,10	-0,00070	
14,88	0,1849	47,87	176,43	-0,00072	
14,90	0,1865	47,93	177,52	-0,00074	
14,92	0,1882	47,95	178,67	-0,00074	
14,94	0,1899	47,97	180,32	-0,00067	
14,96	0,1915	47,99	182,19	-0,00063	
14,98	0,1932	48,00	183,82	-0,00058	
15,00	0,1949	48,04	185,32	-0,00060	
15,02	0,1966	47,85	186,85	-0,00072	
15,04	0,1983	46,57	188,22	-0,00076	
15,06	0,2000	45,23	189,52	-0,00076	
15,08	0,2016	44,70	190,94	-0,00068	
15,10	0,2033	44,57	192,35	-0,00050	
15,12	0,2050	44,52	193,54	-0,00048	
15,14	0,2067	44,53	194,63	-0,00053	
15,16	0,2085	44,53	195,82	-0,00066	
15,18	0,2103	44,50	197,14	-0,00083	
15,20	0,2120	44,52	198,48	-0,00092	
15,22	0,2137	44,50	199,94	-0,00087	
15,24	0,2154	44,54	201,40	-0,00065	
15,26	0,2171	44,60	202,81	-0,00050	
15,28	0,2188	44,61	204,20	-0,00051	
15,30	0,2206	43,87	205,55	-0,00056	
15,32	0,2223	42,31	206,98	-0,00069	
15,34	0,2240	41,35	208,51	-0,00076	
15,36	0,2258	41,08	209,99	-0,00071	
15,38	0,2275	41,09	211,36	-0,00055	
15,40	0,2292	41,14	212,80	-0,00041	
15,42	0,2309	40,52	214,23	-0,00036	
15,44	0,2327	38,96	215,65	-0,00046	
15,46	0,2344	37,94	217,12	-0,00061	
15,48	0,2362	37,64	218,58	-0,00074	
15,50	0,2380	37,66	220,02	-0,00078	
15,52	0,2398	37,76	221,49	-0,00076	
15,54	0,2417	37,87	223,00	-0,00064	
15,56	0,2434	37,86	224,53	-0,00052	
15,58	0,2452	37,81	225,96	-0,00053	
15,60	0,2471	37,79	227,32	-0,00064	
15,62	0,2490	37,76	228,69	-0,00075	
15,64	0,2508	37,77	230,11	-0,00081	
15,66	0,2526	37,61	231,55	-0,00076	
15,68	0,2544	36,39	233,01	-0,00068	
15,70	0,2562	35,01	234,44	-0,00052	
15,72	0,2580	34,42	235,87	-0,00039	
15,74	0,2599	34,29	237,34	-0,00045	
15,76	0,2617	34,48	238,82	-0,00067	
15,78	0,2636	35,20	240,33	-0,00076	
15,80	0,2655	35,10	241,83	-0,00069	
15,82	0,2674	34,19	243,29	-0,00063	
15,84	0,2694	35,81	244,71	-0,00058	
15,86	0,2712	44,25	246,03	-0,00056	
15,88	0,2730	57,52	247,12	-0,00064	
15,90	0,2749	72,61	247,98	-0,00078	
15,92	0,2766	87,69	248,69	-0,00080	
15,94	0,2778	101,67	249,24	-0,00077	
15,96	0,2786	111,09	249,70	-0,00071	
15,98	0,2792	116,79	250,05	-0,00058	
16,00	0,2799	122,23	250,29	-0,00049	
16,02	0,2805	128,51	250,50	-0,00059	
16,04	0,2810	134,61	250,69	-0,00074	
16,06	0,2813	139,87	250,87	-0,00083	
16,08	0,2817	145,00	251,03	-0,00084	
16,10	0,2819	149,35	251,14	-0,00073	
16,12	0,2820	152,88	251,19	-0,00057	
16,14	0,2820	154,98	251,20	-0,00051	
16,16	0,2820	156,05	251,18	-0,00056	
16,18	0,2820	156,09	251,18	-0,00066	
16,20	0,2820	153,26	251,25	-0,00075	
16,22	0,2818	145,78	251,46	-0,00080	
16,24	0,2815	134,69	251,88	-0,00081	
16,26	0,2815	121,31	252,49	-0,00071	
16,28	0,2817	106,96	253,25	-0,00057	
16,30	0,2823	92,89	254,08	-0,00051	
16,32	0,2830	81,01	254,99	-0,00058	
16,34	0,2837	71,28	256,01	-0,00073	
16,36	0,2849	62,27	257,19	-0,00085	
16,38	0,2863	54,14	258,41	-0,00074	
16,40	0,2877	51,77	259,57	-0,00061	
16,42	0,2889	56,90	260,57	-0,00059	
16,44	0,2902	66,16	261,39	-0,00070	
16,46	0,2915	77,07	262,05	-0,00079	
16,48	0,2928	89,33	262,61	-0,00078	
16,50	0,2939	99,63	263,06	-0,00080	
16,52	0,2947	106,29	263,41	-0,00075	
16,54	0,2954	111,97	263,68	-0,00064	
16,56	0,2960	117,21	263,85	-0,00057	
16,58	0,2965	123,65	264,00	-0,00054	
16,60	0,2969	130,10	264,15	-0,00060	
16,62	0,2973	135,83	264,28	-0,00074	
16,64	0,2975	140,95	264,40	-0,00086	
16,66	0,2975	145,61	264,49	-0,00087	
16,68	0,2976	146,49	264,58	-0,00075	
16,70	0,2979	142,06	264,70	-0,00055	
16,72	0,2982	134,15	264,94	-0,00046	
16,74	0,2983	124,95	265,45	-0,00044	
16,76	0,2983	113,04	266,63	-0,00049	
16,78	0,2986	99,90	268,74	-0,00066	
16,80	0,2993	89,59	271,21	-0,00080	
16,82	0,2999	87,21	272,52	-0,00084	
16,84	0,3006	91,43	272,71	-0,00078	
16,86	0,3015	98,13	272,62	-0,00071	
16,88	0,3024	105,74	272,54	-0,00070	
16,90	0,3030	113,92	272,36	-0,00073	
16,92	0,3036	118,43	272,15	-0,00076	
16,94	0,3040	120,00	272,14	-0,00077	
16,96	0,3044	121,31	272,35	-0,00070	
16,98	0,3048	121,48	272,83	-0,00066	
17,00	0,3053	118,24	273,67	-0,00059	
17,02	0,3056	114,16	274,49	-0,00053	
17,04	0,3059	113,56	275,01	-0,00054	
17,06	0,3061	116,97	275,21	-0,00062	
17,08	0,3067	119,33	275,59	-0,00067	
17,10	0,3074	118,25	276,37	-0,00070	
17,12	0,3080	115,19	277,19	-0,00065	
17,14	0,3082	111,57	277,74	-0,00058	
17,16	0,3084	106,97	278,20	-0,00055	
17,18	0,3088	103,79	278,55	-0,00056	
17,20	0,3094	104,14	278,91	-0,00066	
17,22	0,3100	103,34	279,64	-0,00077	
17,24	0,3105	98,23	280,46	-0,00077	
17,26	0,3108	94,27	280,94	-0,00069	
17,28	0,3112	92,15	281,31	-0,00064	
17,30	0,3118	89,69	281,86	-0,00061	
17,32	0,3125	88,88	282,49	-0,00056	
17,34	0,3130	90,15	283,08	-0,00050	
17,36	0,3135	90,81	283,54	-0,00060	
17,38	0,3141	90,24	283,96	-0,00072	
17,40	0,3148	89,42	284,49	-0,00072	
17,42	0,3154	87,66	285,26	-0,00068	
17,44	0,3159	86,33	285,94	-0,00056	
17,46	0,3164	85,84	286,42	-0,00051	
17,48	0,3169	84,75	286,83	-0,00055	
17,50	0,3175	83,53	287,26	-0,00061	
17,52	0,3182	82,96	287,87	-0,00059	
17,54	0,3188	81,80	288,52	-0,00058	
17,56	0,3193	80,56	289,09	-0,00054	
17,58	0,3198	80,61	289,39	-0,00047	
17,60	0,3205	80,68	289,88	-0,00045	
17,62	0,3212	78,91	290,69	-0,00044	
17,64	0,3218	77,11	291,43	-0,00054	
17,66	0,3223	77,33	291,92	-0,00072	
17,68	0,3228	77,55	292,24	-0,00074	
17,70	0,3235	75,57	292,66	-0,00068	
17,72	0,3242	74,30	293,36	-0,00059	
17,74	0,3249	73,80	294,09	-0,00048	
17,76	0,3253	74,00	294,54	-0,00042	
17,78	0,3259	73,40	294,92	-0,00052	
17,80	0,3266	72,16	295,47	-0,00061	
17,82	0,3273	72,66	296,09	-0,00067	
17,84	0,3278	74,05	296,61	-0,00070	
17,86	0,3283	74,52	297,01	-0,00062	
17,88	0,3290	72,59	297,67	-0,00048	
17,90	0,3297	70,37	298,46	-0,00039	
17,92	0,3303	71,93	298,94	-0,00052	
17,94	0,3309	74,81	299,26	-0,00069	
17,96	0,3316	72,86	299,85	-0,00071	
17,98	0,3324	69,15	300,62	-0,00069	
18,00	0,3330	69,36	301,21	-0,00060	
18,02	0,3333	72,23	301,52	-0,00049	
18,04	0,3339	71,46	301,97	-0,00040	
18,06	0,3347	68,74	302,71	-0,00043	
18,08	0,3354	68,10	303,42	-0,00058	
18,10	0,3358	69,43	303,86	-0,00071	
18,12	0,3363	68,79	304,20	-0,00069	
18,14	0,3369	65,72	304,71	-0,00061	
18,16	0,3375	63,90	305,45	-0,00051	
18,18	0,3381	63,93	306,05	-0,00041	
18,20	0,3385	64,74	306,42	-0,00042	
18,22	0,3390	62,64	306,83	-0,00048	
18,24	0,3397	59,85	307,54	-0,00062	
18,26	0,3402	58,68	308,28	-0,00070	
18,28	0,3407	58,90	308,74	-0,00071	
18,30	0,3411	57,76	309,08	-0,00065	
18,32	0,3417	55,26	309,66	-0,00051	
18,34	0,3425	53,28	310,48	-0,00042	
18,36	0,3431	54,72	311,09	-0,00050	
18,38	0,3436	57,17	311,41	-0,00064	
18,40	0,3441	57,05	311,79	-0,00068	
18,42	0,3450	55,36	312,44	-0,00064	
18,44	0,3457	55,50	313,12	-0,00060	
18,46	0,3461	57,30	313,59	-0,00055	
18,48	0,3465	56,40	314,07	-0,00050	
18,50	0,3471	53,41	314,62	-0,00046	
18,52	0,3477	53,51	315,14	-0,00054	
18,54	0,3485	53,96	315,75	-0,00056	
18,56	0,3491	52,73	316,28	-0,00057	
18,58	0,3495	52,44	316,74	-0,00056	
18,60	0,3501	51,97	317,38	-0,00049	
18,62	0,3509	50,11	318,06	-0,00051	
18,64	0,3515	51,66	318,57	-0,00062	
18,66	0,3519	53,91	318,98	-0,00068	
18,68	0,3525	52,54	319,47	-0,00071	
18,70	0,3532	49,82	320,15	-0,00069	
18,72	0,3538	49,00	320,83	-0,00062	
18,74	0,3543	48,57	321,33	-0,00051	
18,76	0,3548	49,24	321,71	-0,00040	
18,78	0,3555	49,21	322,31	-0,00033	
18,80	0,3562	48,09	323,11	-0,00038	
18,82	0,3567	50,34	323,57	-0,00055	
18,84	0,3571	54,23	323,78	-0,00069	
18,86	0,3577	53,83	324,40	-0,00070	
18,88	0,3585	49,95	325,34	-0,00060	
18,90	0,3590	50,93	325,97	-0,00053	
18,92	0,3593	53,81	326,24	-0,00050	
18,94	0,3598	52,79	326,60	-0,00048	
18,96	0,3605	50,10	327,21	-0,00047	
18,98	0,3612	50,37	327,87	-0,00059	
19,00	0,3616	52,40	328,32	-0,00062	
19,02	0,3621	52,54	328,70	-0,00057	
19,04	0,3627	49,15	329,37	-0,00048	
19,06	0,3633	45,43	330,20	-0,00045	
19,08	0,3637	45,38	330,75	-0,00047	
19,10	0,3640	47,44	331,03	-0,00047	
19,12	0,3645	46,74	331,45	-0,00053	
19,14	0,3652	43,66	332,22	-0,00061	
19,16	0,3659	42,09	332,96	-0,00065	
19,18	0,3663	42,85	333,39	-0,00053	
19,20	0,3666	42,92	333,72	-0,00040	
19,22	0,3672	40,38	334,29	-0,00038	
19,24	0,3679	37,98	335,12	-0,00042	
19,26	0,3684	38,76	335,69	-0,00055	
19,28	0,3688	41,29	335,98	-0,00068	
19,30	0,3693	39,88	336,46	-0,00068	
19,32	0,3700	36,01	337,22	-0,00060	
19,34	0,3706	35,82	337,85	-0,00053	
19,36	0,3710	38,06	338,20	-0,00048	
19,38	0,3715	37,55	338,63	-0,00047	
19,40	0,3722	34,21	339,32	-0,00052	
19,42	0,3728	34,00	339,97	-0,00063	
19,44	0,3733	36,40	340,40	-0,00074	
19,46	0,3738	37,05	340,80	-0,00069	
19,48	0,3746	34,76	341,45	-0,00058	
19,50	0,3753	34,25	342,11	-0,00044	
19,52	0,3757	36,89	342,57	-0,00041	
19,54	0,3762	37,71	343,02	-0,00054	
19,56	0,3768	35,81	343,61	-0,00067	
19,58	0,3774	34,42	344,24	-0,00076	
19,60	0,3780	36,50	344,75	-0,00067	
19,62	0,3785	37,17	345,25	-0,00052	
19,64	0,3791	35,55	345,83	-0,00043	
19,66	0,3797	35,57	346,40	-0,00036	
19,68	0,3802	38,16	346,87	-0,00036	
19,70	0,3808	39,26	347,41	-0,00049	
19,72	0,3814	37,25	348,11	-0,00060	
19,74	0,3820	37,55	348,66	-0,00058	
19,76	0,3825	39,26	349,12	-0,00058	
19,78	0,3831	38,89	349,64	-0,00050	
19,80	0,3837	37,48	350,20	-0,00042	
19,82	0,3842	38,41	350,74	-0,00040	
19,84	0,3848	39,75	351,27	-0,00049	
19,86	0,3853	39,77	351,79	-0,00067	
19,88	0,3858	39,82	352,37	-0,00073	
19,90	0,3864	39,71	352,98	-0,00063	
19,92	0,3869	39,98	353,50	-0,00048	
19,94	0,3874	40,70	353,96	-0,00041	
19,96	0,3881	40,45	354,54	-0,00037	
19,98	0,3887	38,10	355,24	-0,00041	
20,00	0,3892	38,51	355,80	-0,00051	
20,02	0,3897	41,24	356,20	-0,00058	
20,04	0,3902	41,96	356,70	-0,00058	
20,06	0,3908	39,99	357,39	-0,00054	
20,08	0,3914	39,42	357,99	-0,00052	
20,10	0,3918	41,79	358,42	-0,00048	
20,12	0,3924	41,39	358,95	-0,00051	
20,14	0,3931	39,16	359,56	-0,00063	
20,16	0,3936	40,84	360,08	-0,00072	
20,18	0,3941	42,99	360,55	-0,00071	
20,20	0,3948	41,38	361,12	-0,00063	
20,22	0,3954	40,12	361,73	-0,00054	
20,24	0,3959	42,81	362,25	-0,00044	
20,26	0,3964	44,54	362,75	-0,00037	
20,28	0,3970	43,97	363,32	-0,00045	
20,30	0,3975	43,79	363,92	-0,00061	
20,32	0,3981	45,24	364,49	-0,00064	
20,34	0,3985	46,08	364,98	-0,00062	
20,36	0,3991	46,03	365,49	-0,00059	
20,38	0,3996	46,78	366,04	-0,00049	
20,40	0,4002	47,58	366,62	-0,00039	
20,42	0,4007	48,29	367,17	-0,00041	
20,44	0,4012	48,92	367,69	-0,00054	
20,46	0,4018	48,97	368,29	-0,00062	
20,48	0,4024	48,82	368,92	-0,00070	
20,50	0,4028	50,82	369,39	-0,00066	
20,52	0,4033	52,84	369,86	-0,00057	
20,54	0,4039	52,06	370,49	-0,00050	
20,56	0,4045	51,29	371,10	-0,00054	
20,58	0,4050	53,09	371,57	-0,00064	
20,60	0,4054	53,53	372,04	-0,00071	
20,62	0,4060	50,90	372,67	-0,00068	
20,64	0,4066	50,15	373,29	-0,00064	
20,66	0,4070	51,61	373,79	-0,00055	
20,68	0,4074	52,54	374,27	-0,00046	
20,70	0,4079	52,56	374,82	-0,00047	
20,72	0,4085	52,93	375,40	-0,00051	
20,74	0,4091	54,38	375,96	-0,00063	
20,76	0,4095	55,61	376,45	-0,00070	
20,78	0,4099	55,95	376,98	-0,00070	
20,80	0,4106	55,61	377,59	-0,00067	
20,82	0,4111	56,28	378,13	-0,00054	
20,84	0,4114	58,15	378,61	-0,00045	
20,86	0,4120	58,39	379,21	-0,00050	
20,88	0,4126	57,39	379,85	-0,00055	
20,90	0,4131	58,18	380,37	-0,00061	
20,92	0,4135	59,26	380,85	-0,00071	
20,94	0,4140	58,22	381,42	-0,00072	
20,96	0,4144	57,60	382,00	-0,00066	
20,98	0,4149	58,92	382,51	-0,00056	
21,00	0,4153	59,96	383,01	-0,00044	
21,02	0,4158	59,00	383,60	-0,00049	
21,04	0,4163	58,78	384,19	-0,00062	
21,06	0,4166	60,97	384,67	-0,00068	
21,08	0,4171	61,88	385,21	-0,00068	
21,10	0,4177	60,54	385,86	-0,00068	
21,12	0,4182	60,67	386,44	-0,00058	
21,14	0,4186	62,00	386,88	-0,00046	
21,16	0,4191	62,26	387,36	-0,00041	
21,18	0,4196	60,70	387,97	-0,00051	
21,20	0,4201	60,94	388,59	-0,00065	
21,22	0,4205	62,66	389,07	-0,00075	
21,24	0,4209	63,08	389,55	-0,00073	
21,26	0,4214	61,81	390,19	-0,00058	
21,28	0,4218	62,39	390,77	-0,00045	
21,30	0,4222	65,23	391,25	-0,00045	
21,32	0,4226	65,02	391,80	-0,00058	
21,34	0,4231	62,90	392,39	-0,00075	
21,36	0,4235	64,01	392,91	-0,00076	
21,38	0,4239	65,41	393,44	-0,00062	
21,40	0,4243	64,09	393,99	-0,00048	
21,42	0,4247	63,37	394,53	-0,00042	
21,44	0,4251	64,05	395,10	-0,00043	
21,46	0,4256	64,14	395,66	-0,00048	
21,48	0,4261	63,93	396,20	-0,00060	
21,50	0,4265	64,89	396,71	-0,00072	
21,52	0,4270	65,48	397,30	-0,00072	
21,54	0,4274	65,84	397,87	-0,00066	
21,56	0,4278	66,78	398,37	-0,00058	
21,58	0,4282	66,58	398,89	-0,00048	
21,60	0,4286	64,88	399,48	-0,00045	
21,62	0,4290	64,41	400,05	-0,00054	
21,64	0,4294	65,22	400,55	-0,00068	
21,66	0,4299	64,75	401,08	-0,00074	
21,68	0,4303	64,06	401,67	-0,00070	
21,70	0,4308	64,80	402,25	-0,00056	
21,72	0,4311	66,31	402,75	-0,00043	
21,74	0,4314	67,24	403,24	-0,00038	
21,76	0,4319	66,47	403,83	-0,00039	
21,78	0,4324	65,30	404,42	-0,00049	
21,80	0,4328	65,97	404,94	-0,00061	
21,82	0,4332	66,68	405,47	-0,00060	
21,84	0,4337	66,26	406,02	-0,00051	
21,86	0,4341	66,48	406,57	-0,00045	
21,88	0,4345	67,46	407,10	-0,00046	
21,90	0,4348	67,40	407,65	-0,00055	
21,92	0,4352	66,98	408,24	-0,00068	
21,94	0,4357	66,94	408,83	-0,00071	
21,96	0,4361	67,84	409,32	-0,00066	
21,98	0,4364	68,58	409,80	-0,00058	
22,00	0,4368	67,97	410,39	-0,00049	
22,02	0,4373	67,02	411,06	-0,00046	
22,04	0,4377	68,00	411,58	-0,00053	
22,06	0,4381	69,92	412,02	-0,00069	
22,08	0,4385	69,18	412,58	-0,00079	
22,10	0,4390	67,99	413,18	-0,00075	
22,12	0,4393	69,46	413,70	-0,00067	
22,14	0,4397	70,29	414,21	-0,00053	
22,16	0,4401	68,04	414,79	-0,00043	
22,18	0,4405	66,71	415,39	-0,00044	
22,20	0,4409	67,84	415,93	-0,00047	
22,22	0,4413	68,95	416,42	-0,00051	
22,24	0,4417	69,35	416,95	-0,00057	
22,26	0,4422	70,00	417,50	-0,00054	
22,28	0,4426	70,99	418,06	-0,00052	
22,30	0,4430	71,52	418,61	-0,00047	
22,32	0,4434	71,14	419,17	-0,00044	
22,34	0,4437	71,19	419,71	-0,00042	
22,36	0,4441	72,00	420,23	-0,00049	
22,38	0,4445	71,81	420,80	-0,00057	
22,40	0,4449	70,75	421,40	-0,00058	
22,42	0,4453	71,40	421,93	-0,00056	
22,44	0,4457	72,99	422,44	-0,00054	
22,46	0,4460	73,04	422,99	-0,00051	
22,48	0,4464	71,99	423,58	-0,00053	
22,50	0,4469	72,53	424,12	-0,00061	
22,52	0,4472	73,44	424,60	-0,00067	
22,54	0,4476	72,84	425,18	-0,00071	
22,56	0,4480	72,70	425,80	-0,00072	
22,58	0,4484	74,59	426,29	-0,00058	
22,60	0,4487	75,17	426,81	-0,00039	
22,62	0,4491	73,72	427,41	-0,00034	
22,64	0,4495	73,18	427,97	-0,00043	
22,66	0,4499	74,31	428,48	-0,00055	
22,68	0,4502	73,96	429,01	-0,00065	
22,70	0,4507	72,44	429,57	-0,00067	
22,72	0,4511	72,57	430,11	-0,00058	
22,74	0,4514	73,20	430,64	-0,00047	
22,76	0,4518	72,88	431,21	-0,00046	
22,78	0,4522	72,91	431,79	-0,00046	
22,80	0,4526	73,31	432,35	-0,00051	
22,82	0,4529	73,62	432,88	-0,00065	
22,84	0,4533	73,66	433,40	-0,00068	
22,86	0,4537	73,62	433,93	-0,00053	
22,88	0,4541	73,52	434,49	-0,00040	
22,90	0,4545	73,34	435,06	-0,00039	
22,92	0,4549	72,89	435,58	-0,00035	
22,94	0,4553	73,18	436,09	-0,00040	
22,96	0,4556	73,36	436,68	-0,00055	
22,98	0,4561	72,79	437,28	-0,00068	
23,00	0,4565	73,05	437,81	-0,00072	
23,02	0,4568	74,09	438,32	-0,00059	
23,04	0,4572	73,59	438,87	-0,00046	
23,06	0,4576	72,84	439,46	-0,00036	
23,08	0,4580	73,12	440,02	-0,00039	
23,10	0,4583	73,61	440,52	-0,00051	
23,12	0,4587	73,67	441,05	-0,00060	
23,14	0,4592	72,72	441,66	-0,00059	
23,16	0,4595	73,40	442,20	-0,00049	
23,18	0,4598	74,95	442,71	-0,00041	
23,20	0,4603	74,68	443,25	-0,00039	
23,22	0,4607	73,85	443,81	-0,00045	
23,24	0,4612	74,68	444,34	-0,00061	
23,26	0,4615	75,77	444,85	-0,00077	
23,28	0,4619	74,83	445,43	-0,00080	
23,30	0,4623	74,27	446,03	-0,00070	
23,32	0,4627	75,06	446,59	-0,00057	
23,34	0,4630	75,81	447,09	-0,00048	
23,36	0,4634	75,86	447,63	-0,00041	
23,38	0,4639	75,74	448,21	-0,00049	
23,40	0,4643	75,86	448,74	-0,00058	
23,42	0,4646	76,41	449,23	-0,00059	
23,44	0,4650	76,39	449,79	-0,00055	
23,46	0,4654	75,50	450,39	-0,00046	
23,48	0,4658	75,93	450,93	-0,00041	
23,50	0,4662	76,61	451,46	-0,00044	
23,52	0,4665	75,73	452,05	-0,00050	
23,54	0,4670	75,49	452,59	-0,00058	
23,56	0,4673	76,42	453,09	-0,00060	
23,58	0,4677	76,46	453,65	-0,00058	
23,60	0,4681	75,40	454,25	-0,00054	
23,62	0,4685	75,85	454,76	-0,00047	
23,64	0,4688	76,30	455,27	-0,00039	
23,66	0,4693	74,68	455,91	-0,00041	
23,68	0,4697	74,66	456,46	-0,00057	
23,70	0,4700	77,27	456,93	-0,00067	
23,72	0,4704	77,67	457,48	-0,00069	
23,74	0,4708	76,53	458,07	-0,00053	
23,76	0,4712	77,12	458,61	-0,00040	
23,78	0,4716	77,98	459,12	-0,00036	
23,80	0,4719	76,52	459,66	-0,00038	
23,82	0,4724	75,65	460,22	-0,00049	
23,84	0,4727	76,37	460,76	-0,00060	
23,86	0,4731	77,01	461,29	-0,00070	
23,88	0,4735	77,10	461,85	-0,00066	
23,90	0,4739	77,02	462,42	-0,00055	
23,92	0,4742	77,02	462,96	-0,00040	
23,94	0,4746	76,97	463,49	-0,00033	
23,96	0,4750	77,06	464,02	-0,00046	
23,98	0,4754	77,03	464,59	-0,00060	
24,00	0,4758	76,93	465,19	-0,00064	
24,02	0,4762	76,92	465,75	-0,00052	
24,04	0,4766	76,99	466,25	-0,00040	
24,06	0,4769	76,93	466,79	-0,00028	
24,08	0,4773	77,03	467,34	-0,00028	
24,10	0,4777	78,14	467,86	-0,00043	
24,12	0,4781	77,76	468,42	-0,00059	
24,14	0,4784	76,56	468,98	-0,00064	
24,16	0,4788	77,09	469,51	-0,00057	
24,18	0,4793	77,61	470,09	-0,00044	
24,20	0,4797	77,25	470,66	-0,00033	
24,22	0,4801	77,69	471,17	-0,00035	
24,24	0,4804	78,55	471,71	-0,00046	
24,26	0,4809	77,96	472,29	-0,00056	
24,28	0,4813	77,76	472,82	-0,00058	
24,30	0,4816	77,78	473,36	-0,00059	
24,32	0,4820	77,31	473,91	-0,00058	
24,34	0,4823	77,05	474,44	-0,00047	
24,36	0,4827	76,96	474,98	-0,00032	
24,38	0,4831	76,99	475,53	-0,00032	
24,40	0,4835	76,97	476,09	-0,00045	
24,42	0,4838	76,95	476,64	-0,00060	
24,44	0,4842	76,91	477,17	-0,00061	
24,46	0,4846	76,98	477,69	-0,00053	
24,48	0,4850	76,93	478,26	-0,00044	
24,50	0,4854	76,29	478,85	-0,00037	
24,52	0,4858	76,10	479,40	-0,00038	
24,54	0,4861	76,80	479,91	-0,00050	
24,56	0,4865	76,52	480,49	-0,00057	
24,58	0,4869	76,06	481,06	-0,00066	
24,60	0,4873	76,75	481,56	-0,00070	
24,62	0,4876	76,48	482,10	-0,00060	
24,64	0,4880	74,97	482,67	-0,00044	
24,66	0,4884	75,22	483,19	-0,00036	
24,68	0,4888	75,86	483,73	-0,00037	
24,70	0,4892	74,93	484,32	-0,00050	
24,72	0,4895	74,50	484,88	-0,00062	
24,74	0,4898	75,63	485,39	-0,00061	
24,76	0,4902	75,47	485,94	-0,00049	
24,78	0,4907	74,33	486,51	-0,00038	
24,80	0,4910	74,81	487,03	-0,00027	
24,82	0,4914	75,53	487,56	-0,00026	
24,84	0,4918	74,75	488,13	-0,00037	
24,86	0,4922	74,44	488,71	-0,00051	
24,88	0,4926	75,25	489,25	-0,00057	
24,90	0,4930	75,54	489,77	-0,00050	
24,92	0,4934	74,79	490,31	-0,00040	
24,94	0,4937	73,86	490,87	-0,00037	
24,96	0,4941	73,60	491,41	-0,00037	
24,98	0,4945	73,76	491,92	-0,00043	
25,00	0,4949	73,24	492,50	-0,00057	
25,02	0,4953	72,75	493,08	-0,00064	
25,04	0,4955	73,30	493,61	-0,00063	
25,06	0,4959	73,53	494,15	-0,00059	
25,08	0,4963	72,91	494,71	-0,00047	
25,10	0,4967	73,05	495,25	-0,00040	
25,12	0,4971	73,38	495,80	-0,00041	
25,14	0,4974	72,54	496,36	-0,00047	
25,16	0,4979	71,85	496,90	-0,00057	
25,18	0,4982	72,06	497,46	-0,00056	
25,20	0,4986	72,32	498,01	-0,00047	
25,22	0,4990	72,50	498,55	-0,00041	
25,24	0,4994	72,47	499,09	-0,00040	
25,26	0,4998	72,46	499,62	-0,00046	
25,28	0,5001	72,44	500,15	-0,00056	
25,30	0,5006	72,35	500,71	-0,00067	
25,32	0,5010	71,66	501,27	-0,00067	
25,34	0,5014	71,87	501,79	-0,00057	
25,36	0,5018	71,84	502,34	-0,00043	
25,38	0,5022	70,83	502,95	-0,00035	
25,40	0,5026	70,31	503,50	-0,00032	
25,42	0,5029	70,43	504,00	-0,00039	
25,44	0,5033	70,34	504,55	-0,00051	
25,46	0,5037	70,14	505,14	-0,00064	
25,48	0,5041	70,24	505,66	-0,00065	
25,50	0,5044	70,45	506,14	-0,00052	
25,52	0,5048	69,19	506,75	-0,00040	
25,54	0,5053	67,54	507,40	-0,00033	
25,56	0,5056	69,36	507,88	-0,00039	
25,58	0,5059	71,17	508,37	-0,00046	
25,60	0,5064	70,42	508,94	-0,00050	
25,62	0,5068	69,97	509,51	-0,00046	
25,64	0,5073	71,05	510,03	-0,00049	
25,66	0,5076	70,72	510,56	-0,00043	
25,68	0,5080	69,17	511,12	-0,00036	
25,70	0,5084	69,19	511,68	-0,00034	
25,72	0,5088	69,95	512,20	-0,00045	
25,74	0,5093	70,27	512,75	-0,00060	
25,76	0,5097	69,16	513,34	-0,00072	
25,78	0,5102	68,83	513,88	-0,00065	
25,80	0,5105	69,73	514,39	-0,00043	
25,82	0,5109	68,88	514,98	-0,00034	
25,84	0,5113	68,02	515,52	-0,00040	
25,86	0,5117	69,20	516,02	-0,00046	
25,88	0,5122	69,31	516,62	-0,00055	
25,90	0,5126	67,47	517,22	-0,00059	
25,92	0,5129	67,89	517,71	-0,00059	
25,94	0,5133	68,97	518,22	-0,00049	
25,96	0,5138	67,46	518,82	-0,00035	
25,98	0,5143	66,49	519,38	-0,00025	
26,00	0,5145	67,76	519,86	-0,00033	
26,02	0,5149	67,59	520,41	-0,00046	
26,04	0,5154	65,75	521,01	-0,00059	
26,06	0,5158	65,99	521,54	-0,00054	
26,08	0,5162	66,29	522,06	-0,00048	
26,10	0,5167	64,94	522,65	-0,00047	
26,12	0,5172	64,34	523,19	-0,00037	
26,14	0,5176	65,51	523,68	-0,00029	
26,16	0,5179	65,49	524,24	-0,00040	
26,18	0,5183	64,19	524,84	-0,00058	
26,20	0,5187	64,86	525,32	-0,00058	
26,22	0,5191	65,82	525,84	-0,00050	
26,24	0,5197	63,61	526,49	-0,00040	
26,26	0,5201	62,74	527,04	-0,00033	
26,28	0,5205	63,79	527,52	-0,00030	
26,30	0,5210	62,41	528,09	-0,00038	
26,32	0,5214	60,20	528,68	-0,00051	
26,34	0,5218	60,47	529,17	-0,00058	
26,36	0,5223	61,53	529,67	-0,00054	
26,38	0,5228	60,35	530,30	-0,00044	
26,40	0,5232	59,85	530,83	-0,00035	
26,42	0,5236	60,88	531,34	-0,00033	
26,44	0,5241	59,60	531,98	-0,00043	
26,46	0,5245	58,30	532,56	-0,00058	
26,48	0,5249	59,67	533,03	-0,00070	
26,50	0,5254	59,56	533,55	-0,00070	
26,52	0,5259	58,06	534,10	-0,00055	
26,54	0,5263	58,14	534,65	-0,00035	
26,56	0,5268	58,37	535,21	-0,00026	
26,58	0,5272	57,71	535,73	-0,00034	
26,60	0,5276	57,15	536,27	-0,00045	
26,62	0,5282	56,45	536,86	-0,00054	
26,64	0,5287	56,69	537,37	-0,00063	
26,66	0,5292	57,32	537,92	-0,00064	
26,68	0,5297	55,99	538,52	-0,00055	
26,70	0,5301	56,12	539,00	-0,00042	
26,72	0,5305	56,57	539,55	-0,00033	
26,74	0,5311	55,00	540,19	-0,00038	
26,76	0,5316	54,61	540,71	-0,00056	
26,78	0,5321	54,65	541,25	-0,00066	
26,80	0,5326	52,62	541,81	-0,00062	
26,82	0,5331	52,70	542,28	-0,00050	
26,84	0,5337	53,12	542,86	-0,00034	
26,86	0,5342	51,00	543,50	-0,00029	
26,88	0,5346	51,30	543,97	-0,00039	
26,90	0,5350	52,17	544,50	-0,00048	
26,92	0,5356	50,27	545,10	-0,00054	
26,94	0,5361	49,21	545,61	-0,00057	
26,96	0,5366	49,79	546,12	-0,00053	
26,98	0,5372	47,32	546,80	-0,00051	
27,00	0,5378	45,50	547,36	-0,00041	
27,02	0,5381	47,41	547,70	-0,00035	
27,04	0,5387	47,77	548,29	-0,00040	
27,06	0,5394	44,04	549,10	-0,00051	
27,08	0,5398	44,40	549,65	-0,00057	
27,10	0,5403	46,75	550,05	-0,00057	
27,12	0,5409	44,63	550,53	-0,00048	
27,14	0,5415	41,94	551,07	-0,00038	
27,16	0,5420	42,60	551,58	-0,00038	
27,18	0,5425	42,06	552,13	-0,00043	
27,20	0,5432	39,34	552,75	-0,00054	
27,22	0,5438	39,44	553,25	-0,00057	
27,24	0,5443	41,31	553,77	-0,00051	
27,26	0,5449	39,80	554,44	-0,00040	
27,28	0,5455	39,35	554,95	-0,00037	
27,30	0,5460	41,10	555,44	-0,00034	
27,32	0,5466	39,26	556,14	-0,00032	
27,34	0,5472	37,19	556,74	-0,00044	
27,36	0,5477	38,31	557,12	-0,00058	
27,38	0,5482	37,69	557,61	-0,00061	
27,40	0,5489	33,21	558,29	-0,00056	
27,42	0,5495	32,51	558,77	-0,00051	
27,44	0,5500	35,55	559,17	-0,00046	
27,46	0,5506	32,96	559,92	-0,00052	
27,48	0,5513	29,76	560,60	-0,00065	
27,50	0,5518	31,38	561,01	-0,00068	
27,52	0,5523	31,66	561,48	-0,00060	
27,54	0,5529	27,88	562,06	-0,00056	
27,56	0,5535	27,17	562,55	-0,00050	
27,58	0,5542	28,53	563,09	-0,00043	
27,60	0,5550	24,91	563,80	-0,00044	
27,62	0,5556	23,24	564,28	-0,00056	
27,64	0,5561	26,97	564,58	-0,00068	
27,66	0,5567	26,52	565,32	-0,00068	
27,68	0,5574	21,93	566,25	-0,00062	
27,70	0,5580	21,75	566,73	-0,00058	
27,72	0,5585	23,27	566,92	-0,00052	
27,74	0,5592	19,67	567,45	-0,00043	
27,76	0,5600	15,13	568,23	-0,00046	
27,78	0,5606	17,32	568,74	-0,00061	
27,80	0,5612	18,76	569,20	-0,00068	
27,82	0,5620	14,26	569,78	-0,00064	
27,84	0,5626	13,01	570,22	-0,00054	
27,86	0,5633	15,35	570,76	-0,00043	
27,88	0,5640	13,31	571,44	-0,00035	
27,90	0,5646	10,97	571,92	-0,00034	
27,92	0,5653	10,60	572,44	-0,00042	
27,94	0,5660	8,374	573,04	-0,00052	
27,96	0,5666	7,248	573,51	-0,00063	
27,98	0,5673	7,274	574,07	-0,00069	
28,00	0,5680	4,238	574,71	-0,00061	
28,02	0,5686	2,777	575,17	-0,00050	
28,04	0,5693	3,247	575,69	-0,00047	
28,06	0,5701	0,6916	576,33	-0,00049	
28,08	0,5708	-0,4260	576,83	-0,00055	
28,10	0,5715	0,3115	577,36	-0,00062	
28,12	0,5723	-2,544	578,01	-0,00057	
28,14	0,5730	-4,390	578,48	-0,00050	
28,16	0,5736	-3,635	578,95	-0,00044	
28,18	0,5745	-5,715	579,64	-0,00042	
28,20	0,5753	-8,330	580,18	-0,00044	
28,22	0,5760	-6,138	580,44	-0,00051	
28,24	0,5767	-6,087	581,06	-0,00054	
28,26	0,5777	-11,30	582,11	-0,00057	
28,28	0,5784	-12,63	582,77	-0,00053	
28,30	0,5790	-9,729	582,87	-0,00043	
28,32	0,5797	-10,23	583,17	-0,00039	
28,34	0,5807	-15,58	584,17	-0,00030	
28,36	0,5817	-17,61	585,08	-0,00034	
28,38	0,5824	-15,22	585,30	-0,00051	
28,40	0,5830	-14,55	585,35	-0,00064	
28,42	0,5839	-18,08	586,04	-0,00065	
28,44	0,5850	-21,73	587,16	-0,00058	
28,46	0,5859	-21,38	587,73	-0,00043	
28,48	0,5864	-19,92	587,72	-0,00033	
28,50	0,5870	-21,76	588,04	-0,00037	
28,52	0,5881	-26,78	589,10	-0,00054	
28,54	0,5890	-28,56	590,00	-0,00058	
28,56	0,5895	-27,18	590,14	-0,00052	
28,58	0,5900	-27,94	590,18	-0,00052	
28,60	0,5909	-32,82	590,96	-0,00049	
28,62	0,5920	-37,53	592,13	-0,00044	
28,64	0,5929	-37,19	592,67	-0,00048	
28,66	0,5934	-35,28	592,70	-0,00054	
28,68	0,5942	-38,54	593,19	-0,00060	
28,70	0,5953	-43,73	594,15	-0,00059	
28,72	0,5961	-42,23	594,70	-0,00052	
28,74	0,5968	-40,28	594,84	-0,00042	
28,76	0,5976	-44,67	595,29	-0,00033	
28,78	0,5987	-50,88	596,21	-0,00036	
28,80	0,5995	-50,00	596,87	-0,00051	
28,82	0,6003	-47,09	597,18	-0,00060	
28,84	0,6013	-49,77	597,68	-0,00060	
28,86	0,6022	-52,63	598,28	-0,00056	
28,88	0,6030	-49,88	598,63	-0,00053	
28,90	0,6039	-47,65	599,07	-0,00036	
28,92	0,6049	-52,59	599,86	-0,00018	
28,94	0,6059	-54,43	600,33	-0,00030	
28,96	0,6067	-48,28	600,18	-0,00055	
28,98	0,6074	-40,86	599,76	-0,00072	
29,00	0,6084	-35,96	599,59	-0,00073	
29,02	0,6095	-32,52	599,69	-0,00063	
29,04	0,6103	-28,10	599,66	-0,00049	
29,06	0,6109	-24,04	599,51	-0,00043	
29,08	0,6117	-23,90	599,63	-0,00047	
29,10	0,6127	-23,33	599,85	-0,00057	
29,12	0,6133	-15,41	599,79	-0,00060	
29,14	0,6138	-6,237	599,57	-0,00060	
29,16	0,6146	-3,320	599,60	-0,00057	
29,18	0,6154	-1,613	599,82	-0,00047	
29,20	0,6160	4,612	599,82	-0,00041	
29,22	0,6165	11,89	599,61	-0,00045	
29,24	0,6172	14,43	599,58	-0,00053	
29,26	0,6179	15,70	599,70	-0,00061	
29,28	0,6184	21,62	599,68	-0,00064	
29,30	0,6188	28,28	599,54	-0,00061	
29,32	0,6194	29,83	599,59	-0,00055	
29,34	0,6201	30,08	599,77	-0,00051	
29,36	0,6206	35,83	599,78	-0,00049	
29,38	0,6209	43,39	599,60	-0,00058	
29,40	0,6214	46,59	599,56	-0,00064	
29,42	0,6219	47,78	599,69	-0,00059	
29,44	0,6224	52,24	599,70	-0,00051	
29,46	0,6227	57,79	599,57	-0,00044	
29,48	0,6231	59,88	599,53	-0,00040	
29,50	0,6235	59,63	599,71	-0,00047	
29,52	0,6240	61,64	599,85	-0,00060	
29,54	0,6243	66,57	599,75	-0,00068	
29,56	0,6246	70,59	599,59	-0,00066	
29,58	0,6250	72,62	599,57	-0,00057	
29,60	0,6254	75,13	599,65	-0,00054	
29,62	0,6257	79,30	599,63	-0,00050	
29,64	0,6258	82,83	599,54	-0,00046	
29,66	0,6261	82,93	599,57	-0,00049	
29,68	0,6265	83,03	599,73	-0,00056	
29,70	0,6268	86,96	599,77	-0,00060	
29,72	0,6270	92,34	599,65	-0,00065	
29,74	0,6272	95,52	599,55	-0,00059	
29,76	0,6276	95,97	599,63	-0,00049	
29,78	0,6279	98,08	599,69	-0,00044	
29,80	0,6280	102,35	599,62	-0,00048	
29,82	0,6280	104,52	599,54	-0,00061	
29,84	0,6284	103,54	599,64	-0,00072	
29,86	0,6287	103,85	599,76	-0,00075	
29,88	0,6287	107,37	599,72	-0,00068	
29,90	0,6288	111,35	599,59	-0,00050	
29,92	0,6291	112,84	599,58	-0,00036	
29,94	0,6294	113,65	599,65	-0,00039	
29,96	0,6294	116,22	599,64	-0,00050	
29,98	0,6293	118,28	599,56	-0,00063	
30,00	0,6295	118,47	599,54	-0,00068	
30,02	0,6299	117,63	599,66	-0,00058	
30,04	0,6301	119,13	599,75	-0,00048	
30,06	0,6300	122,91	599,69	-0,00041	
30,08	0,6300	125,96	599,57	-0,00044	
30,10	0,6302	126,64	599,57	-0,00053	
30,12	0,6306	127,14	599,69	-0,00066	
30,14	0,6308	128,99	599,72	-0,00071	
30,16	0,6307	131,16	599,62	-0,00066	
30,18	0,6306	131,65	599,52	-0,00060	
30,20	0,6307	131,46	599,59	-0,00050	
30,22	0,6308	131,31	599,76	-0,00045	
30,24	0,6308	132,52	599,82	-0,00049	
30,26	0,6307	134,58	599,70	-0,00062	
30,28	0,6309	136,23	599,60	-0,00073	
30,30	0,6312	136,45	599,60	-0,00072	
30,32	0,6314	138,30	599,60	-0,00060	
30,34	0,6313	139,89	599,55	-0,00053	
30,36	0,6313	138,39	599,58	-0,00043	
30,38	0,6314	135,32	599,72	-0,00036	
30,40	0,6314	135,76	599,77	-0,00044	
30,42	0,6314	139,43	599,67	-0,00060	
30,44	0,6313	142,53	599,57	-0,00067	
30,46	0,6314	142,79	599,59	-0,00062	
30,48	0,6314	143,03	599,64	-0,00055	
30,50	0,6314	144,41	599,60	-0,00046	
30,52	0,6313	144,95	599,55	-0,00040	
30,54	0,6313	143,55	599,59	-0,00025	
30,56	0,6314	143,19	599,67	0,00028	
30,58	0,6314	145,47	599,67	0,00070	
30,60	0,6313	148,12	599,57	0,00084	
30,62	0,6313	149,24	599,52	0,00095	
30,64	0,6314	148,77	599,64	0,00106	
30,66	0,6314	148,66	599,80	0,00117	
30,68	0,6314	150,27	599,78	0,00113	
30,70	0,6313	152,01	599,65	0,00094	
30,72	0,6313	152,57	599,56	0,00082	
30,74	0,6314	152,31	599,58	0,00078	
30,76	0,6314	152,02	599,63	0,00088	
30,78	0,6314	151,98	599,64	0,00054	
30,80	0,6314	152,29	599,58	-0,00025	
30,82	0,6313	152,45	599,55	-0,00072	
30,84	0,6314	152,07	599,64	-0,00103	
30,86	0,6315	152,15	599,71	-0,00128	
30,88	0,6314	153,94	599,65	-0,00143	
30,90	0,6313	155,49	599,56	-0,00159	
30,92	0,6314	155,67	599,58	-0,00190	
30,94	0,6314	155,36	599,65	-0,00244	
30,96	0,6314	156,30	599,64	-0,00302	
30,98	0,6313	157,28	599,57	-0,00369	
31,00	0,6313	156,62	599,56	-0,00432	
31,02	0,6314	155,55	599,66	-0,00476	
31,04	0,6314	156,22	599,68	-0,00507	
31,06	0,6313	158,17	599,60	-0,00526	
31,08	0,6313	158,74	599,53	-0,00533	
31,10	0,6314	157,07	599,62	-0,00543	
31,12	0,6314	156,47	599,73	-0,00583	
31,14	0,6314	157,80	599,71	-0,00644	
31,16	0,6313	159,05	599,60	-0,00702	
31,18	0,6313	159,15	599,56	-0,00728	
31,20	0,6314	158,74	599,62	-0,00732	
31,22	0,6314	158,59	599,63	-0,00744	
31,24	0,6313	158,88	599,58	-0,00778	
31,26	0,6313	158,18	599,55	-0,00860	
31,28	0,6314	157,29	599,63	-0,01099	
31,30	0,6314	157,99	599,74	-0,01481	
31,32	0,6314	160,23	599,70	-0,01705	
31,34	0,6313	162,10	599,59	-0,01766	
31,36	0,6313	161,73	599,57	-0,01842	
31,38	0,6314	161,22	599,66	-0,01995	
31,40	0,6312	161,53	599,66	-0,02097	
31,42	0,6308	162,26	599,57	-0,02130	
31,44	0,6307	161,16	599,54	-0,02141	
31,46	0,6307	158,70	599,69	-0,02144	
31,48	0,6308	159,00	599,82	-0,02140	
31,50	0,6307	160,93	599,76	-0,02133	
31,52	0,6306	162,38	599,61	-0,02133	
31,54	0,6307	162,39	599,60	-0,02140	
31,56	0,6308	162,23	599,67	-0,02155	
31,58	0,6307	163,86	599,63	-0,02168	
31,60	0,6306	164,07	599,55	-0,02168	
31,62	0,6307	161,00	599,58	-0,02159	
31,64	0,6308	158,49	599,70	-0,02154	
31,66	0,6307	159,77	599,69	-0,02153	
31,68	0,6306	161,78	599,59	-0,02149	
31,70	0,6306	161,74	599,53	-0,02149	
31,72	0,6307	160,70	599,64	-0,02161	
31,74	0,6307	160,73	599,73	-0,02175	
31,76	0,6304	161,70	599,69	-0,02179	
31,78	0,6301	162,44	599,57	-0,02173	
31,80	0,6300	162,35	599,54	-0,02162	
31,82	0,6301	161,88	599,64	-0,02152	
31,84	0,6301	161,76	599,70	-0,02146	
31,86	0,6300	162,15	599,63	-0,02153	
31,88	0,6300	161,57	599,53	-0,02170	
31,90	0,6300	159,77	599,59	-0,02179	
31,92	0,6301	158,81	599,74	-0,02173	
31,94	0,6301	160,09	599,75	-0,02164	
31,96	0,6300	161,87	599,63	-0,02154	
31,98	0,6300	162,17	599,54	-0,02138	
32,00	0,6300	160,80	599,59	-0,02144	
32,02	0,6301	160,66	599,66	-0,02169	
32,04	0,6300	160,70	599,62	-0,02180	
32,06	0,6296	159,62	599,53	-0,02182	
32,08	0,6294	157,25	599,57	-0,02180	
32,10	0,6294	155,76	599,71	-0,02173	
32,12	0,6294	157,11	599,74	-0,02170	
32,14	0,6293	159,66	599,62	-0,02180	
32,16	0,6293	160,43	599,55	-0,02197	
32,18	0,6294	159,30	599,63	-0,02197	
32,20	0,6294	158,50	599,71	-0,02195	
32,22	0,6294	158,86	599,64	-0,02189	
32,24	0,6293	158,80	599,55	-0,02180	
32,26	0,6294	157,03	599,61	-0,02172	
32,28	0,6295	156,47	599,68	-0,02179	
32,30	0,6294	157,84	599,63	-0,02196	
32,32	0,6293	158,70	599,53	-0,02206	
32,34	0,6294	157,22	599,58	-0,02210	
32,36	0,6295	155,42	599,75	-0,02208	
32,38	0,6294	155,99	599,80	-0,02197	
32,40	0,6293	157,73	599,66	-0,02188	
32,42	0,6293	157,61	599,58	-0,02198	
32,44	0,6294	155,69	599,65	-0,02207	
32,46	0,6294	156,17	599,64	-0,02211	
32,48	0,6293	157,79	599,55	-0,02210	
32,50	0,6293	155,79	599,56	-0,02207	
32,52	0,6294	151,67	599,69	-0,02201	
32,54	0,6292	151,69	599,72	-0,02195	
32,56	0,6288	154,44	599,61	-0,02195	
32,58	0,6286	155,46	599,54	-0,02199	
32,60	0,6287	153,75	599,63	-0,02204	
32,62	0,6288	153,11	599,71	-0,02213	
32,64	0,6287	154,68	599,65	-0,02211	
32,66	0,6286	155,54	599,55	-0,02427	
32,68	0,6287	154,00	599,59	-0,03308	
32,70	0,6288	152,62	599,71	-0,04210	
32,72	0,6287	153,73	599,69	-0,04702	
32,74	0,6286	155,09	599,57	-0,02881	
32,76	0,6286	153,43	599,56	-0,00837	
32,78	0,6287	151,76	599,68	-0,00072	
32,80	0,6287	152,73	599,71	-0,00013	
32,82	0,6286	154,94	599,60	-0,00026	
32,84	0,6286	154,95	599,53	0,000	
32,86	0,6287	153,08	599,62	0,00044	
32,88	0,6287	152,18	599,74	0,00096	
32,90	0,6287	153,64	599,71	0,00187	
32,92	0,6286	155,50	599,58	0,00260	
32,94	0,6286	154,88	599,56	0,00337	
32,96	0,6287	152,98	599,65	0,00439	
32,98	0,6287	152,98	599,67	0,00466	
33,00	0,6287	153,81	599,57	0,00428	
33,02	0,6286	152,36	599,53	0,00361	
33,04	0,6287	149,80	599,66	0,00309	
33,06	0,6288	149,52	599,78	0,00225	
33,08	0,6287	151,17	599,71	0,00134	
33,10	0,6286	152,14	599,56	0,00080	
33,12	0,6287	150,63	599,57	0,00015	
33,14	0,6288	149,12	599,71	-0,00051	
33,16	0,6288	150,04	599,74	-0,00091	
33,18	0,6287	151,73	599,62	-0,00116	
33,20	0,6286	151,44	599,53	-0,00149	
33,22	0,6287	149,55	599,61	-0,00169	
33,24	0,6288	149,30	599,73	-0,00131	
33,26	0,6287	150,97	599,68	0,000	
33,28	0,6286	152,01	599,56	0,00128	
33,30	0,6287	150,44	599,59	0,00258	
33,32	0,6288	149,07	599,67	0,00323	
33,34	0,6287	150,36	599,63	0,00339	
33,36	0,6286	150,62	599,55	0,00359	
33,38	0,6287	147,90	599,60	0,00351	
33,40	0,6287	146,66	599,66	0,00265	
33,42	0,6287	148,88	599,60	0,00150	
33,44	0,6286	150,17	599,53	0,00064	
33,46	0,6287	147,84	599,61	0,00025	
33,48	0,6288	145,92	599,75	-0,00011	
33,50	0,6287	147,86	599,72	-0,00045	
33,52	0,6286	150,25	599,58	-0,00069	
33,54	0,6286	149,04	599,55	-0,00072	
33,56	0,6287	147,29	599,65	-0,00046	
33,58	0,6288	147,70	599,67	-0,00020	
33,60	0,6287	148,70	599,57	0,00023	
33,62	0,6286	147,76	599,53	0,00079	
33,64	0,6287	145,35	599,64	0,00169	
33,66	0,6288	145,53	599,74	0,00244	
33,68	0,6287	147,70	599,67	0,00280	
33,70	0,6286	148,71	599,55	0,00302	
33,72	0,6287	147,07	599,59	0,00308	
33,74	0,6288	145,78	599,68	0,00305	
33,76	0,6287	147,11	599,64	0,00262	
33,78	0,6286	148,05	599,54	0,00220	
33,80	0,6287	145,32	599,58	0,00149	
33,82	0,6288	142,77	599,70	0,00090	
33,84	0,6287	144,43	599,68	0,00047	
33,86	0,6286	147,24	599,57	0,00015	
33,88	0,6286	146,05	599,56	0,000	
33,90	0,6287	143,33	599,69	-0,00034	
33,92	0,6288	143,43	599,73	-0,00026	
33,94	0,6287	144,96	599,62	0,000	
33,96	0,6286	144,63	599,54	0,00026	
33,98	0,6287	142,79	599,63	0,00053	
34,00	0,6288	142,55	599,73	0,00130	
34,02	0,6287	144,31	599,66	0,00234	
34,04	0,6287	144,91	599,57	0,00319	
34,06	0,6287	142,86	599,60	0,00374	
34,08	0,6288	142,00	599,65	0,00404	
34,10	0,6287	143,61	599,59	0,00391	
34,12	0,6287	143,83	599,54	0,00375	
34,14	0,6287	141,00	599,62	0,00341	
34,16	0,6288	139,62	599,72	0,00291	
34,18	0,6287	141,86	599,66	0,00252	
34,20	0,6286	144,35	599,54	0,00234	
34,22	0,6288	143,36	599,59	0,00197	
34,24	0,6291	141,25	599,74	0,00134	
34,26	0,6294	141,96	599,74	0,00116	
34,28	0,6293	143,42	599,61	0,00135	
34,30	0,6294	141,24	599,59	0,00166	
34,32	0,6294	138,97	599,66	0,00197	
34,34	0,6294	141,03	599,62	0,00244	
34,36	0,6293	142,95	599,52	0,00270	
34,38	0,6293	139,89	599,57	0,00285	
34,40	0,6295	135,87	599,78	0,00326	
34,42	0,6294	137,12	599,86	0,00419	
34,44	0,6294	140,25	599,72	0,00487	
34,46	0,6293	141,28	599,57	0,00529	
34,48	0,6294	139,87	599,63	0,00583	
34,50	0,6295	139,49	599,71	0,00586	
34,52	0,6294	140,71	599,64	0,00565	
34,54	0,6293	140,18	599,52	0,00502	
34,56	0,6294	136,83	599,59	0,00446	
34,58	0,6295	134,84	599,77	0,00405	
34,60	0,6295	136,29	599,80	0,00382	
34,62	0,6294	138,32	599,64	0,00371	
34,64	0,6297	138,61	599,57	0,00359	
34,66	0,6300	136,97	599,68	0,00385	
34,68	0,6301	137,92	599,71	0,00442	
34,70	0,6300	139,80	599,60	0,00518	
34,72	0,6300	138,43	599,53	0,00567	
34,74	0,6301	134,78	599,63	0,00592	
34,76	0,6301	133,93	599,75	0,00601	
34,78	0,6301	136,30	599,70	0,00600	
34,80	0,6300	138,21	599,56	0,00599	
34,82	0,6300	137,17	599,55	0,00597	
34,84	0,6301	135,67	599,69	0,00590	
34,86	0,6301	136,56	599,73	0,00595	
34,88	0,6300	138,34	599,61	0,00610	
34,90	0,6300	138,05	599,54	0,00621	
34,92	0,6305	135,96	599,66	0,00622	
34,94	0,6307	135,75	599,75	0,00623	
34,96	0,6307	137,63	599,66	0,00620	
34,98	0,6307	137,55	599,54	0,00600	
35,00	0,6307	134,75	599,61	0,00586	
35,02	0,6308	134,09	599,74	0,00579	
35,04	0,6308	136,44	599,69	0,00595	
35,06	0,6307	138,14	599,56	0,00604	
35,08	0,6307	137,01	599,55	0,00610	
35,10	0,6308	135,23	599,69	0,00596	
35,12	0,6308	135,56	599,76	0,00583	
35,14	0,6307	137,62	599,65	0,00580	
35,16	0,6307	138,63	599,53	0,00580	
35,18	0,6311	136,99	599,60	0,00588	
35,20	0,6314	135,56	599,73	0,00593	
35,22	0,6314	136,72	599,69	0,00607	
35,24	0,6313	138,28	599,55	0,00621	
35,26	0,6314	136,27	599,58	0,00630	
35,28	0,6315	133,90	599,76	0,00612	
35,30	0,6315	135,03	599,79	0,00626	
35,32	0,6314	137,77	599,63	0,00637	
35,34	0,6313	137,72	599,57	0,00643	
35,36	0,6314	135,26	599,69	0,00652	
35,38	0,6314	135,54	599,71	0,00657	
35,40	0,6313	137,50	599,59	0,00650	
35,42	0,6313	136,14	599,55	0,00624	
35,44	0,6316	132,72	599,67	0,00622	
35,46	0,6320	132,90	599,72	0,00628	
35,48	0,6320	136,32	599,61	0,00643	
35,50	0,6320	137,32	599,53	0,00656	
35,52	0,6321	134,38	599,65	0,00660	
35,54	0,6321	133,20	599,76	0,00655	
35,56	0,6321	136,04	599,67	0,00641	
35,58	0,6320	138,01	599,54	0,00632	
35,60	0,6320	136,13	599,59	0,00626	
35,62	0,6321	134,47	599,72	0,00635	
35,64	0,6321	136,16	599,71	0,00658	
35,66	0,6320	138,24	599,56	0,00675	
35,68	0,6320	136,78	599,56	0,00666	
35,70	0,6324	134,80	599,73	0,00646	
35,72	0,6327	135,57	599,78	0,00640	
35,74	0,6327	137,94	599,64	0,00639	
35,76	0,6327	137,84	599,54	0,00643	
35,78	0,6327	135,40	599,62	0,00650	
35,80	0,6328	135,41	599,70	0,00662	
35,82	0,6327	137,60	599,60	0,00671	
35,84	0,6327	138,01	599,50	0,00664	
35,86	0,6327	135,25	599,64	0,00647	
35,88	0,6328	133,72	599,82	0,00636	
35,90	0,6328	136,00	599,78	0,00645	
35,92	0,6327	138,56	599,60	0,00662	
35,94	0,6329	138,25	599,55	0,00675	
35,96	0,6333	136,48	599,65	0,00672	
35,98	0,6335	136,87	599,69	0,00661	
36,00	0,6334	138,47	599,58	0,00652	
36,02	0,6333	137,85	599,54	0,00639	
36,04	0,6334	135,33	599,65	0,00632	
36,06	0,6335	135,76	599,72	0,00640	
36,08	0,6334	139,13	599,61	0,00658	
36,10	0,6333	139,89	599,53	0,00665	
36,12	0,6334	137,37	599,63	0,00664	
36,14	0,6335	136,21	599,76	0,00659	
36,16	0,6334	137,67	599,69	0,00654	
36,18	0,6333	138,66	599,56	0,00655	
36,20	0,6334	137,26	599,57	0,00653	
36,22	0,6338	136,30	599,68	0,00656	
36,24	0,6341	137,40	599,68	0,00672	
36,26	0,6341	138,49	599,55	0,00689	
36,28	0,6340	137,22	599,54	0,00680	
36,30	0,6341	135,31	599,71	0,00660	
36,32	0,6342	135,92	599,79	0,00654	
36,34	0,6341	138,59	599,66	0,00656	
36,36	0,6340	138,60	599,55	0,00661	
36,38	0,6341	136,47	599,61	0,00675	
36,40	0,6341	136,30	599,66	0,00695	
36,42	0,6341	138,44	599,57	0,00696	
36,44	0,6340	138,03	599,53	0,00681	
36,46	0,6341	134,74	599,70	0,00668	
36,48	0,6342	135,01	599,82	0,00662	
36,50	0,6341	138,98	599,72	0,00671	
36,52	0,6341	140,73	599,57	0,00679	
36,54	0,6344	138,14	599,59	0,00685	
36,56	0,6347	136,46	599,69	0,00680	
36,58	0,6348	137,61	599,63	0,00678	
36,60	0,6347	138,53	599,53	0,00670	
36,62	0,6347	136,37	599,60	0,00657	
36,64	0,6348	134,85	599,72	0,00654	
36,66	0,6348	137,45	599,67	0,00666	
36,68	0,6347	139,70	599,55	0,00687	
36,70	0,6347	137,93	599,58	0,00692	
36,72	0,6348	135,85	599,71	0,00680	
36,74	0,6348	137,62	599,70	0,00670	
36,76	0,6347	140,53	599,57	0,00662	
36,78	0,6347	139,42	599,55	0,00656	
36,80	0,6350	136,67	599,68	0,00663	
36,82	0,6353	137,60	599,72	0,00681	
36,84	0,6353	139,93	599,60	0,00695	
36,86	0,6353	138,99	599,53	0,00690	
36,88	0,6354	136,71	599,63	0,00678	
36,90	0,6355	137,13	599,69	0,00662	
36,92	0,6354	139,08	599,60	0,00661	
36,94	0,6353	138,64	599,51	0,00667	
36,96	0,6354	136,18	599,65	0,00679	
36,98	0,6355	135,07	599,82	0,00693	
37,00	0,6355	136,56	599,78	0,00701	
37,02	0,6353	138,55	599,61	0,00699	
37,04	0,6353	138,06	599,57	0,00691	
37,06	0,6354	136,28	599,66	0,00684	
37,08	0,6354	136,93	599,65	0,00681	
37,10	0,6354	138,24	599,54	0,00682	
37,12	0,6356	136,29	599,57	0,00685	
37,14	0,6360	133,82	599,73	0,00695	
37,16	0,6361	134,99	599,74	0,00696	
37,18	0,6360	137,74	599,60	0,00684	
37,20	0,6360	138,06	599,52	0,00675	
37,22	0,6361	136,08	599,67	0,00672	
37,24	0,6361	135,79	599,79	0,00676	
37,26	0,6361	137,59	599,70	0,00694	
37,28	0,6360	137,74	599,54	0,00708	
37,30	0,6360	135,70	599,56	0,00704	
37,32	0,6361	134,91	599,70	0,00693	
37,34	0,6361	136,56	599,70	0,00682	
37,36	0,6360	138,18	599,57	0,00680	
37,38	0,6362	136,60	599,54	0,00686	
37,40	0,6366	134,00	599,72	0,00689	
37,42	0,6368	134,60	599,82	0,00701	
37,44	0,6368	137,33	599,69	0,00709	
37,46	0,6367	138,36	599,56	0,00702	
37,48	0,6367	136,27	599,60	0,00686	
37,50	0,6368	135,64	599,69	0,00678	
37,52	0,6368	137,42	599,63	0,00678	
37,54	0,6367	137,59	599,53	0,00686	
37,56	0,6367	134,04	599,59	0,00697	
37,58	0,6368	131,67	599,74	0,00711	
37,60	0,6368	133,92	599,72	0,00712	
37,62	0,6367	137,29	599,59	0,00703	
37,64	0,6369	136,75	599,58	0,00696	
37,66	0,6373	134,60	599,70	0,00690	
37,68	0,6375	135,24	599,70	0,00691	
37,70	0,6374	137,72	599,57	0,00698	
37,72	0,6374	136,90	599,55	0,00700	
37,74	0,6375	133,75	599,70	0,00705	
37,76	0,6375	134,41	599,72	0,00710	
37,78	0,6374	137,52	599,59	0,00701	
37,80	0,6374	137,19	599,53	0,00685	
37,82	0,6375	133,96	599,67	0,00684	
37,84	0,6375	133,59	599,76	0,00690	
37,86	0,6374	136,32	599,66	0,00701	
37,88	0,6374	137,35	599,53	0,00712	
37,90	0,6378	134,61	599,60	0,00704	
37,92	0,6381	133,25	599,75	0,00697	
37,94	0,6381	135,49	599,72	0,00699	
37,96	0,6380	136,40	599,57	0,00703	
37,98	0,6381	134,33	599,55	0,00706	
38,00	0,6382	132,35	599,71	0,00714	
38,02	0,6382	133,11	599,75	0,00724	
38,04	0,6381	134,92	599,62	0,00727	
38,06	0,6380	134,82	599,54	0,00715	
38,08	0,6381	132,84	599,64	0,00700	
38,10	0,6382	132,75	599,74	0,00695	
38,12	0,6381	135,70	599,64	0,00700	
38,14	0,6382	136,51	599,54	0,00706	
38,16	0,6386	134,07	599,61	0,00722	
38,18	0,6388	133,25	599,67	0,00730	
38,20	0,6388	135,79	599,59	0,00723	
38,22	0,6387	136,40	599,52	0,00702	
38,24	0,6388	133,29	599,64	0,00686	
38,26	0,6389	131,46	599,78	0,00693	
38,28	0,6388	133,97	599,71	0,00708	
38,30	0,6387	137,18	599,56	0,00720	
38,32	0,6388	135,87	599,59	0,00724	
38,34	0,6389	134,07	599,68	0,00719	
38,36	0,6388	136,16	599,61	0,00713	
38,38	0,6389	137,34	599,51	0,00702	
38,40	0,6393	133,75	599,62	0,00699	
38,42	0,6395	130,86	599,79	0,00709	
38,44	0,6395	133,45	599,76	0,00725	
38,46	0,6394	136,31	599,59	0,00740	
38,48	0,6394	134,84	599,56	0,00736	
38,50	0,6395	133,28	599,67	0,00720	
38,52	0,6395	134,57	599,69	0,00710	
38,54	0,6394	136,08	599,58	0,00710	
38,56	0,6394	135,09	599,54	0,00718	
38,58	0,6397	133,00	599,66	0,00718	
38,60	0,6400	133,53	599,72	0,00718	
38,62	0,6401	136,22	599,61	0,00727	
38,64	0,6400	135,94	599,53	0,00727	
38,66	0,6401	133,12	599,66	0,00716	
38,68	0,6402	132,75	599,77	0,00705	
38,70	0,6401	135,92	599,67	0,00708	
38,72	0,6400	137,26	599,55	0,00719	
38,74	0,6401	134,64	599,61	0,00722	
38,76	0,6402	133,33	599,73	0,00729	
38,78	0,6402	135,96	599,66	0,00733	
38,80	0,6400	137,46	599,52	0,00723	
38,82	0,6403	134,72	599,61	0,00710	
38,84	0,6407	132,28	599,84	0,00701	
38,86	0,6409	133,77	599,86	0,00714	
38,88	0,6408	135,82	599,67	0,00734	
38,90	0,6407	135,09	599,60	0,00741	
38,92	0,6408	133,04	599,67	0,00727	
38,94	0,6408	134,42	599,64	0,00721	
38,96	0,6407	136,23	599,54	0,00719	
38,98	0,6408	133,60	599,58	0,00704	
39,00	0,6409	129,96	599,72	0,00698	
39,02	0,6408	130,85	599,72	0,00711	
39,04	0,6408	133,72	599,58	0,00730	
39,06	0,6411	133,68	599,55	0,00735	
39,08	0,6414	132,35	599,68	0,00725	
39,10	0,6429	134,06	599,73	0,00715	
39,12	0,6895	137,18	599,60	0,00714	
39,14	0,7704	136,37	599,55	0,00713	
39,16	0,8148	133,45	599,69	0,00716	
39,18	0,8238	134,19	599,74	0,00728	
39,20	0,8226	137,04	599,61	0,00742	
39,22	0,8219	136,41	599,52	0,00742	
39,24	0,8220	133,28	599,65	0,00728	
39,26	0,8222	132,36	599,79	0,00714	
39,28	0,8222	134,03	599,72	0,00715	
39,30	0,8221	135,25	599,56	0,00723	
39,32	0,8224	133,88	599,58	0,00723	
39,34	0,8228	132,85	599,71	0,00729	
39,36	0,8229	134,81	599,71	0,00731	
39,38	0,8228	138,10	599,57	0,00712	
39,40	0,8229	141,16	599,54	0,00685	
39,42	0,8235	147,66	599,70	0,00651	
39,44	0,8249	163,64	599,76	0,00614	
39,46	0,8269	189,53	599,63	0,00577	
39,48	0,8297	222,59	599,53	0,00528	
39,50	0,8334	262,98	599,64	0,00458	
39,52	0,8379	315,01	599,75	0,00363	
39,54	0,8430	378,16	599,65	0,00243	
39,56	0,8491	447,98	599,54	0,00113	
39,58	0,8560	524,00	599,65	-0,00027	
39,60	0,8637	610,66	599,76	-0,00181	
39,62	0,8720	708,78	599,66	-0,00355	
39,64	0,8811	812,33	599,52	-0,00549	
39,66	0,8911	917,98	599,61	-0,00795	
39,68	0,9019	1029,4	599,79	-0,01104	
39,70	0,9134	1148,3	599,74	-0,01466	
39,72	0,9258	1267,8	599,56	-0,01891	
39,74	0,9391	1381,2	599,57	-0,02418	
39,76	0,9531	1489,3	599,72	-0,03065	
39,78	0,9678	1592,7	599,71	-0,03818	
39,80	0,9833	1687,0	599,55	-0,04683	
39,82	0,9998	1766,1	599,54	-0,05675	
39,84	1,017	1831,7	599,73	-0,06769	
39,86	1,035	1889,7	599,79	-0,07924	
39,88	1,054	1940,2	599,65	-0,09140	
39,90	1,073	1981,5	599,56	-0,1043	
39,92	1,094	2016,0	599,65	-0,1179	
39,94	1,115	2048,7	599,69	-0,1320	
39,96	1,137	2079,8	599,59	-0,1467	
39,98	1,160	2105,8	599,53	-0,1621	
40,00	1,184	2128,0	599,69	-0,1781	
40,02	1,208	2152,0	599,80	-0,1944	
40,04	1,233	2178,4	599,69	-0,2110	
40,06	1,259	2203,0	599,55	-0,2283	
40,08	1,286	2222,8	599,60	-0,2461	
40,10	1,314	2242,2	599,70	-0,2645	
40,12	1,342	2263,7	599,64	-0,2836	
40,14	1,371	2284,1	599,51	-0,3033	
40,16	1,401	2300,1	599,61	-0,3234	
40,18	1,432	2315,5	599,83	-0,3439	
40,20	1,464	2334,6	599,82	-0,3648	
40,22	1,496	2354,5	599,61	-0,3865	
40,24	1,529	2370,0	599,55	-0,4089	
40,26	1,563	2382,9	599,73	-0,4320	
40,28	1,598	2398,2	599,82	-0,4556	
40,30	1,633	2414,1	599,67	-0,4797	
40,32	1,670	2427,3	599,56	-0,5043	
40,34	1,707	2438,1	599,66	-0,5296	
40,36	1,745	2451,5	599,71	-0,5552	
40,38	1,784	2467,0	599,59	-0,5812	
40,40	1,823	2478,1	599,57	-0,6073	
40,42	1,863	2484,9	599,72	-0,6336	
40,44	1,903	2494,8	599,74	-0,6599	
40,46	1,943	2507,3	599,60	-0,6863	
40,48	1,983	2516,0	599,56	-0,7130	
40,50	2,023	2521,2	599,69	-0,7399	
40,52	2,063	2529,3	599,74	-0,7669	
40,54	2,103	2539,2	599,62	-0,7941	
40,56	2,143	2545,0	599,57	-0,8215	
40,58	2,183	2548,0	599,68	-0,8489	
40,60	2,223	2554,3	599,72	-0,8764	
40,62	2,263	2562,4	599,61	-0,9041	
40,64	2,303	2566,8	599,56	-0,9321	
40,66	2,343	2568,9	599,63	-0,9602	
40,68	2,383	2573,7	599,67	-0,9884	
40,70	2,423	2579,9	599,58	-1,017	
40,72	2,463	2583,6	599,53	-1,045	
40,74	2,503	2584,7	599,66	-1,074	
40,76	2,543	2587,9	599,78	-1,102	
40,78	2,583	2593,8	599,70	-1,131	
40,80	2,623	2598,6	599,56	-1,160	
40,82	2,663	2599,8	599,60	-1,189	
40,84	2,703	2600,6	599,70	-1,219	
40,86	2,743	2604,5	599,65	-1,248	
40,88	2,783	2607,7	599,54	-1,277	
40,90	2,823	2606,8	599,61	-1,307	
40,92	2,863	2606,7	599,75	-1,337	
40,94	2,903	2610,8	599,74	-1,367	
40,96	2,943	2615,3	599,60	-1,397	
40,98	2,983	2615,9	599,59	-1,427	
41,00	3,023	2615,1	599,67	-1,457	
41,02	3,063	2618,1	599,63	-1,488	
41,04	3,103	2620,9	599,56	-1,518	
41,06	3,143	2619,1	599,63	-1,549	
41,08	3,183	2617,3	599,72	-1,580	
41,10	3,223	2620,2	599,65	-1,611	
41,12	3,263	2622,7	599,56	-1,642	
41,14	3,303	2621,2	599,65	-1,673	
41,16	3,343	2620,5	599,73	-1,704	
41,18	3,383	2623,4	599,64	-1,736	
41,20	3,423	2623,5	599,56	-1,768	
41,22	3,463	2620,0	599,65	-1,799	
41,24	3,503	2618,8	599,70	-1,831	
41,26	3,543	2621,1	599,61	-1,863	
41,28	3,583	2621,4	599,55	-1,895	
41,30	3,623	2617,9	599,67	-1,927	
41,32	3,663	2616,7	599,78	-1,960	
41,34	3,703	2618,5	599,69	-1,992	
41,36	3,743	2619,2	599,60	-2,025	
41,38	3,783	2616,1	599,76	-2,058	
41,40	3,823	2614,5	599,85	-2,091	
41,42	3,863	2615,5	599,71	-2,124	
41,44	3,903	2614,8	599,62	-2,157	
41,46	3,943	2609,9	599,75	-2,190	
41,48	3,983	2607,4	599,81	-2,224	
41,50	4,023	2608,1	599,67	-2,257	
41,52	4,063	2606,4	599,62	-2,291	
41,54	4,103	2601,3	599,72	-2,325	
41,56	4,143	2599,7	599,70	-2,359	
41,58	4,183	2600,2	599,59	-2,393	
41,60	4,223	2596,7	599,60	-2,427	
41,62	4,263	2591,0	599,67	-2,461	
41,64	4,303	2590,2	599,62	-2,496	
41,66	4,343	2589,6	599,56	-2,530	
41,68	4,383	2585,3	599,64	-2,565	
41,70	4,423	2581,3	599,70	-2,600	
41,72	4,463	2581,3	599,61	-2,634	
41,74	4,503	2579,2	599,58	-2,670	
41,76	4,543	2573,5	599,68	-2,705	
41,78	4,583	2570,2	599,68	-2,740	
41,80	4,623	2569,3	599,57	-2,776	
41,82	4,663	2565,5	599,57	-2,811	
41,84	4,703	2559,7	599,70	-2,847	
41,86	4,743	2556,5	599,71	-2,883	
41,88	4,783	2555,3	599,60	-2,919	
41,90	4,823	2550,4	599,64	-2,955	
41,92	4,863	2543,8	599,76	-2,991	
41,94	4,903	2541,4	599,72	-3,027	
41,96	4,943	2540,0	599,60	-3,064	
41,98	4,983	2533,3	599,77	-3,100	
42,00	5,023	2525,3	599,98	-3,137	
42,02	5,063	2521,4	599,93	-3,174	
42,04	5,103	2517,8	599,71	-3,211	
42,06	5,143	2511,6	599,67	-3,248	
42,08	5,183	2504,7	599,84	-3,285	
42,10	5,223	2500,5	599,86	-3,322	
42,12	5,263	2497,1	599,69	-3,360	
42,14	5,303	2490,5	599,65	-3,397	
42,16	5,343	2481,1	599,75	-3,435	
42,18	5,383	2475,7	599,70	-3,472	
42,20	5,423	2472,7	599,61	-3,510	
42,22	5,463	2464,3	599,81	-3,548	
42,24	5,503	2454,3	599,99	-3,587	
42,26	5,543	2448,9	599,91	-3,625	
42,28	5,583	2444,6	599,69	-3,663	
42,30	5,623	2437,2	599,69	-3,701	
42,32	5,663	2428,5	599,86	-3,740	
42,34	5,703	2421,8	599,85	-3,778	
42,36	5,743	2415,2	599,66	-3,816	
42,38	5,783	2406,0	599,67	-3,855	
42,40	5,823	2394,7	599,85	-3,894	
42,42	5,863	2386,9	599,83	-3,932	
42,44	5,903	2380,7	599,66	-3,971	
42,46	5,943	2370,7	599,66	-4,010	
42,48	5,983	2358,8	599,76	-4,049	
42,50	6,023	2351,5	599,70	-4,088	
42,52	6,063	2344,2	599,60	-4,127	
42,54	6,103	2331,7	599,76	-4,167	
42,56	6,143	2319,4	599,89	-4,206	
42,58	6,183	2311,2	599,77	-4,245	
42,60	6,223	2301,5	599,66	-4,284	
42,62	6,263	2287,5	599,80	-4,324	
42,64	6,303	2275,0	599,86	-4,364	
42,66	6,343	2265,6	599,70	-4,403	
42,68	6,383	2254,5	599,64	-4,443	
42,70	6,423	2238,8	599,84	-4,483	
42,72	6,463	2224,8	599,93	-4,522	
42,74	6,503	2212,8	599,78	-4,562	
42,76	6,543	2198,9	599,65	-4,602	
42,78	6,583	2182,0	599,69	-4,642	
42,80	6,623	2167,9	599,66	-4,682	
42,82	6,663	2155,7	599,57	-4,722	
42,84	6,703	2138,5	599,68	-4,762	
42,86	6,743	2118,7	599,80	-4,802	
42,88	6,783	2103,3	599,72	-4,842	
42,90	6,823	2089,1	599,62	-4,882	
42,92	6,863	2069,4	599,74	-4,923	
42,94	6,903	2049,6	599,78	-4,963	
42,96	6,943	2032,4	599,64	-5,004	
42,98	6,983	2012,0	599,68	-5,045	
43,00	7,023	1987,1	599,90	-5,086	
43,02	7,063	1964,4	599,93	-5,126	
43,04	7,103	1942,4	599,74	-5,167	
43,06	7,143	1917,2	599,63	-5,208	
43,08	7,183	1888,0	599,71	-5,250	
43,10	7,223	1860,9	599,68	-5,291	
43,12	7,263	1833,6	599,60	-5,332	
43,14	7,303	1800,9	599,72	-5,374	
43,16	7,343	1764,7	599,82	-5,416	
43,18	7,383	1729,5	599,71	-5,459	
43,20	7,423	1692,2	599,66	-5,502	
43,22	7,463	1646,6	599,88	-5,545	
43,24	7,503	1596,7	599,99	-5,589	
43,26	7,543	1544,5	599,86	-5,634	
43,28	7,583	1485,8	599,66	-5,679	
43,30	7,623	1414,8	599,73	-5,727	
43,32	7,663	1331,4	599,92	-5,777	
43,34	7,703	1234,2	599,92	-5,827	
43,36	7,743	1122,0	599,73	-5,874	
43,38	7,782	1000,5	599,66	-5,921	
43,40	7,823	875,47	599,91	-5,968	
43,42	7,863	755,79	600,06	-6,013	
43,44	7,903	649,18	599,93	-6,057	
43,46	7,943	559,78	599,70	-6,101	
43,48	7,983	481,39	599,79	-6,146	
43,50	8,023	408,40	600,03	-6,191	
43,52	8,063	343,15	600,01	-6,234	
43,54	8,103	285,78	599,77	-6,275	
43,56	8,143	233,71	599,77	-6,315	
43,58	8,183	181,96	600,27	-6,350	
43,60	8,222	136,74	600,49	-6,372	
43,62	8,258	100,84	600,26	-6,381	
43,64	8,287	71,43	599,90	-6,384	
43,66	8,304	47,48	599,79	-6,388	
43,68	8,313	30,34	600,30	-6,395	
43,70	8,317	21,78	600,59	-6,400	
43,72	8,319	17,71	600,32	-6,401	
43,74	8,320	14,63	599,89	-6,400	
43,76	8,320	11,21	600,33	-6,401	
43,78	8,320	8,650	601,41	-6,402	
43,80	8,321	9,179	600,72	-6,403	
43,82	8,321	8,741	599,65	-6,404	
43,84	8,321	6,270	599,05	-6,404	
43,86	8,321	3,489	598,73	-6,404	
43,88	8,321	2,106	598,45	-6,404	
43,90	8,321	1,156	598,15	-6,405	
43,92	8,321	-0,5339	597,86	-6,405	
43,94	8,321	-1,903	597,58	-6,406	
43,96	8,321	-2,382	597,30	-6,406	
43,98	8,321	-2,462	597,04	-6,406	
44,00	8,321	-2,491	596,79	-6,406	
44,02	8,321	-2,564	596,54	-6,406	
44,04	8,321	-2,637	596,29	-6,407	
44,06	8,321	-2,625	596,06	-6,407	
44,08	8,321	-2,557	595,82	-6,407	
44,10	8,321	-2,540	595,58	-6,407	
44,12	8,321	-2,523	595,30	-6,408	
44,14	8,321	-2,479	595,01	-6,408	
44,16	8,321	-2,443	594,75	-6,408	
44,18	8,321	-2,514	594,55	-6,409	
44,20	8,321	-2,577	594,36	-6,409	
44,22	8,321	-2,584	594,16	-6,409	
44,24	8,321	-2,545	593,95	-6,409	
44,26	8,321	-2,525	593,74	-6,409	
44,28	8,321	-2,545	593,53	-6,410	
44,30	8,321	-2,565	593,34	-6,410	
44,32	8,321	-2,549	593,14	-6,410	
44,34	8,321	-2,509	592,93	-6,410	
44,36	8,321	-2,432	592,70	-6,411	
44,38	8,321	-2,458	592,46	-6,411	
44,40	8,321	-2,476	592,21	-6,411	
44,42	8,321	-2,418	591,97	-6,411	
44,44	8,321	-2,416	591,74	-6,411	
44,46	8,321	-2,469	591,52	-6,412	
44,48	8,321	-2,478	591,30	-6,412	
44,50	8,321	-2,487	591,10	-6,412	
44,52	8,321	-2,604	590,87	-6,412	
44,54	8,321	-3,364	590,64	-6,412	
44,56	8,321	-4,781	590,41	-6,413	
44,58	8,321	-5,618	590,17	-6,413	
44,60	8,321	-5,811	589,93	-6,413	
44,62	8,321	-5,842	589,68	-6,413	
44,64	8,321	-5,813	589,42	-6,413	
44,66	8,321	-5,802	589,16	-6,414	
44,68	8,321	-5,839	588,90	-6,414	
44,70	8,321	-5,846	588,65	-6,414	
44,72	8,321	-5,829	588,39	-6,414	
44,74	8,321	-5,884	588,13	-6,414	
44,76	8,321	-5,972	587,87	-6,415	
44,78	8,321	-5,955	587,60	-6,415	
44,80	8,321	-5,902	587,33	-6,415	
44,82	8,321	-5,905	587,05	-6,415	
44,84	8,321	-5,900	586,78	-6,416	
44,86	8,321	-5,907	586,50	-6,416	
44,88	8,321	-5,910	586,22	-6,416	
44,90	8,321	-5,891	585,94	-6,416	
44,92	8,321	-5,922	585,65	-6,416	
44,94	8,321	-5,961	585,37	-6,417	
44,96	8,321	-5,936	585,08	-6,417	
44,98	8,321	-5,929	584,79	-6,417	
45,00	8,321	-5,916	584,49	-6,417	
45,02	8,321	-5,977	584,18	-6,417	
45,04	8,321	-6,055	583,88	-6,417	
45,06	8,321	-6,079	583,57	-6,418	
45,08	8,321	-6,042	583,27	-6,418	
45,10	8,321	-6,068	582,98	-6,418	
45,12	8,321	-6,068	582,67	-6,418	
45,14	8,321	-5,978	582,36	-6,418	
45,16	8,321	-5,966	582,05	-6,418	
45,18	8,321	-5,958	581,75	-6,419	
45,20	8,321	-5,882	581,43	-6,419	
45,22	8,321	-5,885	581,11	-6,419	
45,24	8,321	-5,935	580,80	-6,419	
45,26	8,321	-5,931	580,49	-6,420	
45,28	8,321	-5,941	580,17	-6,420	
45,30	8,321	-6,000	579,86	-6,420	
45,32	8,321	-6,027	579,53	-6,420	
45,34	8,321	-6,007	579,21	-6,420	
45,36	8,321	-5,957	578,88	-6,421	
45,38	8,321	-5,972	578,56	-6,421	
45,40	8,321	-6,004	578,25	-6,421	
45,42	8,321	-5,953	577,93	-6,421	
45,44	8,321	-5,961	577,60	-6,421	
45,46	8,321	-5,993	577,28	-6,421	
45,48	8,321	-5,990	576,96	-6,421	
45,50	8,321	-6,000	576,63	-6,422	
45,52	8,321	-5,999	576,29	-6,422	
45,54	8,321	-5,961	575,95	-6,422	
45,56	8,321	-5,931	575,62	-6,422	
45,58	8,321	-5,913	575,30	-6,423	
45,60	8,321	-5,877	574,97	-6,423	
45,62	8,321	-5,863	574,64	-6,423	
45,64	8,321	-5,843	574,31	-6,423	
45,66	8,321	-5,911	573,98	-6,423	
45,68	8,321	-5,945	573,65	-6,423	
45,70	8,321	-5,918	573,33	-6,423	
45,72	8,321	-5,907	572,98	-6,424	
45,74	8,321	-5,899	572,64	-6,424	
45,76	8,321	-5,936	572,30	-6,424	
45,78	8,321	-5,901	571,97	-6,424	
45,80	8,321	-5,816	571,63	-6,424	
45,82	8,321	-5,776	571,31	-6,425	
45,84	8,321	-5,844	570,98	-6,425	
45,86	8,321	-5,887	570,63	-6,425	
45,88	8,321	-5,941	570,29	-6,425	
45,90	8,321	-5,929	569,94	-6,425	
45,92	8,321	-5,911	569,59	-6,425	
45,94	8,321	-5,967	569,26	-6,426	
45,96	8,321	-6,005	568,92	-6,426	
45,98	8,321	-5,909	568,57	-6,426	
46,00	8,321	-5,891	568,22	-6,426	
46,02	8,321	-5,944	567,88	-6,426	
46,04	8,321	-5,932	567,54	-6,427	
46,06	8,321	-5,935	567,19	-6,427	
46,08	8,321	-5,951	566,84	-6,427	
46,10	8,321	-5,898	566,49	-6,427	
46,12	8,321	-5,889	566,14	-6,427	
46,14	8,321	-5,967	565,79	-6,427	
46,16	8,321	-5,978	565,44	-6,428	
46,18	8,321	-5,973	565,10	-6,428	
46,20	8,321	-5,949	564,75	-6,428	
46,22	8,321	-5,868	564,39	-6,428	
46,24	8,321	-5,857	564,04	-6,428	
46,26	8,321	-5,867	563,68	-6,428	
46,28	8,321	-5,852	563,32	-6,428	
46,30	8,321	-5,853	562,96	-6,429	
46,32	8,321	-5,896	562,62	-6,429	
46,34	8,321	-5,955	562,27	-6,429	
46,36	8,321	-5,954	561,93	-6,429	
46,38	8,321	-5,946	561,58	-6,429	
46,40	8,321	-5,929	561,22	-6,429	
46,42	8,321	-5,931	560,86	-6,430	
46,44	8,321	-5,949	560,50	-6,430	
46,46	8,321	-5,949	560,15	-6,430	
46,48	8,321	-5,903	559,80	-6,430	
46,50	8,321	-5,914	559,45	-6,430	
46,52	8,321	-5,936	559,09	-6,430	
46,54	8,321	-5,991	558,73	-6,431	
46,56	8,321	-5,980	558,38	-6,431	
46,58	8,321	-6,014	558,04	-6,431	
46,60	8,321	-6,116	557,70	-6,431	
46,62	8,321	-6,090	557,35	-6,431	
46,64	8,321	-6,015	557,01	-6,431	
46,66	8,321	-5,959	556,66	-6,432	
46,68	8,321	-5,936	556,31	-6,432	
46,70	8,321	-5,892	555,98	-6,432	
46,72	8,321	-5,890	555,65	-6,432	
46,74	8,321	-5,960	555,32	-6,432	
46,76	8,321	-6,005	554,97	-6,432	
46,78	8,321	-6,037	554,63	-6,433	
46,80	8,321	-6,059	554,28	-6,433	
46,82	8,321	-5,974	553,94	-6,433	
46,84	8,321	-5,919	553,59	-6,433	
46,86	8,321	-5,944	553,23	-6,433	
46,88	8,321	-5,934	552,87	-6,433	
46,90	8,321	-5,937	552,52	-6,434	
46,92	8,321	-5,986	552,18	-6,434	
46,94	8,321	-5,937	551,84	-6,434	
46,96	8,321	-5,891	551,50	-6,434	
46,98	8,321	-5,919	551,14	-6,434	
47,00	8,321	-5,931	550,78	-6,435	
47,02	8,321	-5,909	550,42	-6,435	
47,04	8,321	-5,931	550,07	-6,435	
47,06	8,321	-5,996	549,73	-6,435	
47,08	8,321	-5,982	549,40	-6,435	
47,10	8,321	-5,904	549,05	-6,435	
47,12	8,321	-5,826	548,69	-6,436	
47,14	8,321	-5,819	548,35	-6,436	
47,16	8,321	-5,846	548,02	-6,436	
47,18	8,321	-5,883	547,68	-6,436	
47,20	8,321	-5,929	547,33	-6,436	
47,22	8,321	-5,867	546,97	-6,436	
47,24	8,321	-5,834	546,62	-6,437	
47,26	8,321	-5,875	546,27	-6,437	
47,28	8,321	-5,908	545,92	-6,437	
47,30	8,321	-5,912	545,58	-6,437	
47,32	8,321	-5,921	545,25	-6,437	
47,34	8,321	-5,914	544,92	-6,437	
47,36	8,321	-5,916	544,58	-6,438	
47,38	8,321	-5,899	544,24	-6,438	
47,40	8,321	-5,922	543,90	-6,438	
47,42	8,321	-5,939	543,55	-6,438	
47,44	8,321	-5,925	543,20	-6,438	
47,46	8,321	-5,937	542,85	-6,438	
47,48	8,321	-5,909	542,52	-6,438	
47,50	8,321	-5,882	542,19	-6,439	
47,52	8,321	-5,912	541,85	-6,439	
47,54	8,321	-5,935	541,51	-6,439	
47,56	8,321	-5,915	541,17	-6,439	
47,58	8,321	-5,900	540,83	-6,439	
47,60	8,321	-5,920	540,48	-6,439	
47,62	8,321	-5,998	540,14	-6,440	
47,64	8,321	-6,031	539,82	-6,440	
47,66	8,321	-6,034	539,49	-6,440	
47,68	8,321	-6,060	539,15	-6,440	
47,70	8,321	-6,079	538,81	-6,440	
47,72	8,321	-6,019	538,47	-6,441	
47,74	8,321	-5,991	538,12	-6,441	
47,76	8,321	-6,042	537,79	-6,441	
47,78	8,321	-6,075	537,45	-6,441	
47,80	8,321	-6,011	537,12	-6,441	
47,82	8,321	-5,951	536,78	-6,441	
47,84	8,321	-6,005	536,45	-6,442	
47,86	8,321	-6,004	536,12	-6,442	
47,88	8,321	-5,929	535,78	-6,442	
47,90	8,321	-5,916	535,43	-6,442	
47,92	8,321	-5,891	535,07	-6,442	
47,94	8,321	-5,891	534,73	-6,442	
47,96	8,321	-5,951	534,39	-6,442	
47,98	8,321	-6,004	534,06	-6,443	
48,00	8,321	-6,024	533,72	-6,443	
48,02	8,321	-6,009	533,38	-6,443	
48,04	8,321	-6,010	533,04	-6,443	
48,06	8,321	-5,994	532,70	-6,443	
48,08	8,321	-5,985	532,36	-6,443	
48,10	8,321	-5,998	532,03	-6,444	
48,12	8,321	-5,973	531,70	-6,444	
48,14	8,321	-5,906	531,37	-6,444	
48,16	8,321	-5,907	531,05	-6,444	
48,18	8,321	-5,955	530,71	-6,444	
48,20	8,321	-5,985	530,38	-6,444	
48,22	8,321	-6,013	530,05	-6,445	
48,24	8,321	-6,080	529,72	-6,445	
48,26	8,321	-6,159	529,39	-6,445	
48,28	8,321	-6,145	529,06	-6,445	
48,30	8,321	-6,092	528,74	-6,445	
48,32	8,321	-6,086	528,42	-6,445	
48,34	8,321	-6,089	528,10	-6,446	
48,36	8,321	-6,090	527,77	-6,446	
48,38	8,321	-6,068	527,44	-6,446	
48,40	8,321	-6,030	527,12	-6,446	
48,42	8,321	-6,057	526,79	-6,446	
48,44	8,321	-6,100	526,46	-6,446	
48,46	8,321	-6,117	526,14	-6,446	
48,48	8,321	-6,120	525,82	-6,447	
48,50	8,321	-6,051	525,49	-6,447	
48,52	8,321	-6,037	525,17	-6,447	
48,54	8,321	-5,994	524,84	-6,447	
48,56	8,321	-5,881	524,50	-6,447	
48,58	8,321	-5,924	524,17	-6,447	
48,60	8,321	-6,018	523,84	-6,447	
48,62	8,321	-6,064	523,51	-6,448	
48,64	8,321	-6,090	523,20	-6,448	
48,66	8,321	-6,058	522,88	-6,448	
48,68	8,321	-6,079	522,55	-6,448	
48,70	8,321	-6,155	522,22	-6,448	
48,72	8,321	-6,181	521,91	-6,448	
48,74	8,321	-6,097	521,59	-6,448	
48,76	8,321	-6,096	521,26	-6,449	
48,78	8,321	-6,123	520,94	-6,449	
48,80	8,321	-6,079	520,62	-6,449	
48,82	8,321	-6,088	520,31	-6,449	
48,84	8,321	-6,094	520,00	-6,449	
48,86	8,321	-6,112	519,69	-6,449	
48,88	8,321	-6,092	519,37	-6,450	
48,90	8,321	-6,013	519,05	-6,450	
48,92	8,321	-5,914	518,74	-6,450	
48,94	8,321	-5,876	518,42	-6,450	
48,96	8,321	-5,931	518,11	-6,450	
48,98	8,321	-5,991	517,81	-6,450	
49,00	8,321	-6,049	517,50	-6,450	
49,02	8,321	-6,067	517,17	-6,451	
49,04	8,321	-6,022	516,84	-6,451	
49,06	8,321	-5,978	516,52	-6,451	
49,08	8,321	-5,975	516,19	-6,451	
49,10	8,321	-5,954	515,87	-6,451	
49,12	8,321	-5,958	515,54	-6,451	
49,14	8,321	-5,970	515,22	-6,452	
49,16	8,321	-5,955	514,90	-6,452	
49,18	8,321	-5,952	514,58	-6,452	
49,20	8,321	-5,934	514,28	-6,452	
49,22	8,321	-5,909	513,97	-6,452	
49,24	8,321	-5,937	513,65	-6,452	
49,26	8,321	-5,959	513,31	-6,452	
49,28	8,321	-5,903	512,99	-6,453	
49,30	8,321	-5,902	512,69	-6,453	
49,32	8,321	-5,949	512,41	-6,453	
49,34	8,321	-5,949	512,11	-6,453	
49,36	8,321	-5,957	511,79	-6,453	
49,38	8,321	-5,992	511,48	-6,453	
49,40	8,321	-5,966	511,17	-6,453	
49,42	8,321	-5,885	510,86	-6,454	
49,44	8,321	-5,842	510,55	-6,454	
49,46	8,321	-5,816	510,24	-6,454	
49,48	8,321	-5,849	509,92	-6,454	
49,50	8,321	-5,866	509,61	-6,454	
49,52	8,321	-5,837	509,31	-6,454	
49,54	8,321	-5,900	509,00	-6,454	
49,56	8,321	-6,005	508,68	-6,455	
49,58	8,321	-6,030	508,36	-6,455	
49,60	8,321	-5,969	508,06	-6,455	
49,62	8,321	-5,884	507,75	-6,455	
49,64	8,321	-5,833	507,43	-6,455	
49,66	8,321	-5,866	507,12	-6,455	
49,68	8,321	-5,933	506,83	-6,456	
49,70	8,321	-5,976	506,52	-6,456	
49,72	8,321	-5,986	506,21	-6,456	
49,74	8,321	-5,922	505,91	-6,456	
49,76	8,321	-5,904	505,60	-6,456	
49,78	8,321	-5,906	505,29	-6,456	
49,80	8,321	-5,913	504,98	-6,456	
49,82	8,321	-5,916	504,67	-6,456	
49,84	8,321	-5,851	504,36	-6,457	
49,86	8,321	-5,837	504,06	-6,457	
49,88	8,321	-5,919	503,75	-6,457	
49,90	8,321	-6,011	503,44	-6,457	
49,92	8,321	-6,010	503,13	-6,457	
49,94	8,321	-5,959	502,82	-6,457	
49,96	8,321	-5,987	502,50	-6,458	
49,98	8,321	-6,047	502,20	-6,458	
50,00	8,321	-6,021	501,91	-6,458	
50,02	8,321	-6,012	501,61	-6,458	
50,04	8,321	-6,053	501,31	-6,458	
50,06	8,321	-6,057	501,00	-6,458	
50,08	8,321	-6,017	500,70	-6,459	
50,10	8,321	-6,000	500,41	-6,459	
50,12	8,321	-5,923	500,11	-6,459	
50,14	8,321	-5,923	499,80	-6,459	
50,16	8,321	-5,973	499,49	-6,459	
50,18	8,321	-5,953	499,18	-6,459	
50,20	8,321	-5,910	498,88	-6,459	
50,22	8,321	-5,865	498,57	-6,459	
50,24	8,321	-5,870	498,27	-6,460	
50,26	8,321	-5,893	497,97	-6,460	
50,28	8,321	-5,843	497,67	-6,460	
50,30	8,321	-5,840	497,37	-6,460	
50,32	8,321	-5,907	497,08	-6,460	
50,34	8,321	-5,891	496,78	-6,460	
50,36	8,321	-5,875	496,50	-6,460	
50,38	8,321	-5,953	496,22	-6,461	
50,40	8,321	-6,014	495,92	-6,461	
50,42	8,321	-6,013	495,62	-6,461	
50,44	8,321	-6,032	495,32	-6,461	
50,46	8,321	-6,062	495,03	-6,461	
50,48	8,321	-6,082	494,74	-6,461	
50,50	8,321	-6,045	494,44	-6,461	
50,52	8,321	-5,983	494,14	-6,462	
50,54	8,321	-5,961	493,84	-6,462	
50,56	8,321	-5,966	493,55	-6,462	
50,58	8,321	-5,954	493,26	-6,462	
50,60	8,321	-5,894	492,97	-6,462	
50,62	8,321	-5,856	492,67	-6,462	
50,64	8,321	-5,909	492,39	-6,462	
50,66	8,321	-5,911	492,11	-6,463	
50,68	8,321	-5,915	491,82	-6,463	
50,70	8,321	-5,915	491,54	-6,463	
50,72	8,321	-5,951	491,24	-6,463	
50,74	8,321	-5,976	490,96	-6,463	
50,76	8,321	-5,865	490,68	-6,463	
50,78	8,321	-5,832	490,40	-6,463	
50,80	8,321	-5,890	490,11	-6,463	
50,82	8,321	-5,975	489,83	-6,464	
50,84	8,321	-5,977	489,54	-6,464	
50,86	8,321	-5,890	489,26	-6,464	
50,88	8,321	-5,775	488,97	-6,464	
50,90	8,321	-5,776	488,69	-6,464	
50,92	8,321	-5,845	488,41	-6,464	
50,94	8,321	-5,893	488,12	-6,465	
50,96	8,321	-5,884	487,82	-6,465	
50,98	8,321	-5,915	487,53	-6,465	
51,00	8,321	-5,992	487,25	-6,465	
51,02	8,321	-5,965	486,96	-6,465	
51,04	8,321	-5,879	486,66	-6,465	
51,06	8,321	-5,849	486,37	-6,465	
51,08	8,321	-5,835	486,09	-6,466	