Zeit  1 - Standardmessrate [s]	ZwickWeg [mm]	ZwickKraft [N]	Pyrometer [°C]	Maytec [mm]
0	-0,4734	150,28	150,10	0,03006	
0,02000	-0,4734	150,31	150,10	0,03016	
0,04000	-0,4734	150,34	150,11	0,03025	
0,06000	-0,4734	150,34	150,11	0,03030	
0,08000	-0,4734	150,24	150,10	0,03030	
0,1000	-0,4734	150,18	150,10	0,03017	
0,1200	-0,4734	150,18	150,10	0,03009	
0,1400	-0,4734	150,19	150,10	0,03008	
0,1600	-0,4734	150,21	150,10	0,03011	
0,1800	-0,4734	150,16	150,10	0,03015	
0,2000	-0,4734	150,15	150,10	0,03027	
0,2200	-0,4734	150,20	150,10	0,03026	
0,2400	-0,4734	150,23	150,10	0,03022	
0,2600	-0,4734	150,24	150,11	0,03016	
0,2800	-0,4734	150,19	150,11	0,03006	
0,3000	-0,4734	150,14	150,11	0,03000	
0,3200	-0,4734	150,20	150,10	0,03012	
0,3400	-0,4734	150,26	150,10	0,03027	
0,3600	-0,4734	150,23	150,10	0,03033	
0,3800	-0,4734	150,19	150,10	0,03039	
0,4000	-0,4734	150,23	150,10	0,03030	
0,4200	-0,4734	150,25	150,10	0,03015	
0,4400	-0,4734	150,23	150,10	0,03008	
0,4600	-0,4734	150,18	150,10	0,03013	
0,4800	-0,4734	150,10	150,10	0,03025	
0,5000	-0,4734	150,09	150,10	0,03036	
0,5200	-0,4734	150,14	150,11	0,03042	
0,5400	-0,4734	150,15	150,11	0,03038	
0,5600	-0,4734	150,15	150,11	0,03025	
0,5800	-0,4734	150,17	150,10	0,03013	
0,6000	-0,4734	150,19	150,10	0,03008	
0,6200	-0,4734	150,18	150,10	0,03011	
0,6400	-0,4734	150,25	150,10	0,03023	
0,6600	-0,4734	150,28	150,10	0,03030	
0,6800	-0,4734	150,18	150,10	0,03031	
0,7000	-0,4734	150,08	150,10	0,03032	
0,7200	-0,4734	150,04	150,10	0,03022	
0,7400	-0,4734	150,05	150,10	0,03009	
0,7600	-0,4734	150,14	150,10	0,03009	
0,7800	-0,4734	150,27	150,10	0,03018	
0,8000	-0,4734	150,29	150,10	0,03022	
0,8200	-0,4734	150,19	150,10	0,03027	
0,8400	-0,4734	150,13	150,10	0,03033	
0,8600	-0,4734	150,08	150,10	0,03028	
0,8800	-0,4734	150,02	150,10	0,03014	
0,9000	-0,4734	150,04	150,10	0,03006	
0,9200	-0,4734	150,14	150,10	0,03008	
0,9400	-0,4734	150,19	150,10	0,03019	
0,9600	-0,4734	150,17	150,10	0,03033	
0,9800	-0,4734	150,15	150,10	0,03040	
1,000	-0,4734	150,11	150,11	0,03035	
1,020	-0,4734	150,05	150,11	0,03028	
1,040	-0,4734	150,07	150,11	0,03015	
1,060	-0,4734	150,09	150,11	0,03005	
1,080	-0,4734	150,11	150,10	0,03004	
1,100	-0,4734	150,11	150,10	0,03016	
1,120	-0,4734	150,12	150,10	0,03030	
1,140	-0,4734	150,14	150,10	0,03032	
1,160	-0,4734	150,17	150,10	0,03027	
1,180	-0,4734	150,22	150,10	0,03017	
1,200	-0,4734	150,25	150,10	0,03007	
1,220	-0,4734	150,29	150,11	0,03006	
1,240	-0,4734	150,26	150,11	0,03016	
1,260	-0,4734	150,20	150,11	0,03025	
1,280	-0,4734	150,17	150,10	0,03033	
1,300	-0,4734	150,23	150,10	0,03040	
1,320	-0,4734	150,24	150,10	0,03036	
1,340	-0,4734	150,17	150,10	0,03021	
1,360	-0,4734	150,15	150,10	0,03008	
1,380	-0,4734	150,19	150,10	0,03013	
1,400	-0,4734	150,25	150,10	0,03022	
1,420	-0,4734	150,27	150,10	0,03030	
1,440	-0,4734	150,28	150,10	0,03037	
1,460	-0,4734	150,21	150,11	0,03034	
1,480	-0,4734	150,13	150,11	0,03028	
1,500	-0,4734	150,13	150,11	0,03017	
1,520	-0,4734	150,19	150,10	0,03011	
1,540	-0,4734	150,18	150,10	0,03012	
1,560	-0,4734	150,10	150,10	0,03023	
1,580	-0,4734	150,07	150,10	0,03028	
1,600	-0,4734	150,09	150,10	0,03032	
1,620	-0,4734	150,10	150,10	0,03038	
1,640	-0,4734	150,13	150,11	0,03028	
1,660	-0,4734	150,16	150,11	0,03013	
1,680	-0,4734	150,12	150,11	0,03007	
1,700	-0,4734	150,14	150,11	0,03012	
1,720	-0,4734	150,24	150,10	0,03022	
1,740	-0,4734	150,27	150,10	0,03036	
1,760	-0,4734	150,19	150,10	0,03039	
1,780	-0,4734	150,15	150,10	0,03029	
1,800	-0,4734	150,16	150,10	0,03016	
1,820	-0,4734	150,16	150,10	0,03009	
1,840	-0,4734	150,25	150,11	0,03012	
1,860	-0,4734	150,32	150,11	0,03021	
1,880	-0,4734	150,30	150,11	0,03023	
1,900	-0,4734	150,22	150,11	0,03028	
1,920	-0,4734	150,14	150,10	0,03035	
1,940	-0,4734	150,16	150,10	0,03032	
1,960	-0,4734	150,23	150,10	0,03022	
1,980	-0,4734	150,23	150,10	0,03015	
2,000	-0,4734	150,13	150,10	0,03009	
2,020	-0,4734	150,08	150,10	0,03013	
2,040	-0,4734	150,07	150,10	0,03030	
2,060	-0,4734	150,06	150,10	0,03040	
2,080	-0,4734	150,03	150,11	0,03040	
2,100	-0,4734	150,05	150,11	0,03030	
2,120	-0,4734	150,15	150,11	0,03016	
2,140	-0,4734	150,28	150,10	0,03008	
2,160	-0,4734	150,27	150,10	0,03007	
2,180	-0,4734	150,20	150,10	0,03015	
2,200	-0,4734	150,13	150,10	0,03027	
2,220	-0,4734	150,15	150,10	0,03033	
2,240	-0,4734	150,19	150,10	0,03033	
2,260	-0,4734	150,19	150,10	0,03023	
2,280	-0,4734	150,17	150,11	0,03014	
2,300	-0,4734	150,17	150,11	0,03006	
2,320	-0,4734	150,16	150,11	0,03009	
2,340	-0,4734	150,16	150,11	0,03014	
2,360	-0,4734	150,26	150,11	0,03021	
2,380	-0,4734	150,28	150,10	0,03033	
2,400	-0,4734	150,30	150,10	0,03040	
2,420	-0,4734	150,36	150,10	0,03031	
2,440	-0,4734	150,38	150,11	0,03020	
2,460	-0,4734	150,34	150,11	0,03010	
2,480	-0,4735	150,26	150,11	0,03009	
2,500	-0,4738	150,24	150,11	0,03017	
2,520	-0,4740	150,28	150,11	0,03024	
2,540	-0,4741	150,34	150,10	0,03022	
2,560	-0,4741	150,32	150,10	0,03022	
2,580	-0,4741	150,32	150,10	0,03015	
2,600	-0,4741	150,32	150,10	0,03006	
2,620	-0,4741	150,32	150,10	0,03002	
2,640	-0,4741	150,40	150,11	0,03005	
2,660	-0,4741	150,44	150,11	0,03012	
2,680	-0,4741	150,36	150,11	0,03017	
2,700	-0,4741	150,29	150,10	0,03024	
2,720	-0,4741	150,30	150,10	0,03028	
2,740	-0,4741	150,32	150,10	0,03019	
2,760	-0,4741	150,30	150,10	0,03006	
2,780	-0,4741	150,33	150,10	0,02999	
2,800	-0,4741	150,38	150,10	0,03005	
2,820	-0,4741	150,39	150,11	0,03022	
2,840	-0,4741	150,36	150,11	0,03034	
2,860	-0,4741	150,29	150,11	0,03038	
2,880	-0,4741	150,27	150,11	0,03036	
2,900	-0,4740	150,22	150,10	0,03025	
2,920	-0,4740	150,16	150,10	0,03016	
2,940	-0,4740	150,17	150,10	0,03012	
2,960	-0,4740	150,18	150,10	0,03016	
2,980	-0,4741	150,16	150,10	0,03025	
3,000	-0,4741	150,14	150,10	0,03027	
3,020	-0,4741	150,15	150,10	0,03028	
3,040	-0,4741	150,15	150,11	0,03023	
3,060	-0,4741	150,18	150,11	0,03014	
3,080	-0,4741	150,21	150,11	0,03003	
3,100	-0,4741	150,15	150,11	0,03008	
3,120	-0,4741	150,12	150,10	0,03018	
3,140	-0,4744	152,33	150,18	0,03020	
3,160	-0,4743	146,59	150,16	0,02946	
3,180	-0,4737	109,87	150,03	0,02908	
3,200	-0,4738	63,23	150,04	0,02935	
3,220	-0,4739	18,03	150,09	0,02956	
3,240	-0,4731	-25,54	150,11	0,02965	
3,260	-0,4701	-59,97	150,11	0,02972	
3,280	-0,4656	-59,20	150,11	0,02978	
3,300	-0,4613	-36,04	150,10	0,02992	
3,320	-0,4573	-4,591	150,10	0,03006	
3,340	-0,4535	31,77	150,10	0,03011	
3,360	-0,4502	67,38	150,10	0,03004	
3,380	-0,4481	97,73	150,10	0,02996	
3,400	-0,4468	120,14	150,10	0,02992	
3,420	-0,4461	134,43	150,10	0,02994	
3,440	-0,4456	142,72	150,11	0,03006	
3,460	-0,4453	147,41	150,11	0,03022	
3,480	-0,4452	149,80	150,11	0,03025	
3,500	-0,4452	151,64	150,11	0,03020	
3,520	-0,4452	153,00	150,10	0,03006	
3,540	-0,4452	153,57	150,10	0,02990	
3,560	-0,4452	153,64	150,10	0,02985	
3,580	-0,4452	153,63	150,10	0,02992	
3,600	-0,4453	153,69	150,10	0,02999	
3,620	-0,4456	153,70	150,10	0,03007	
3,640	-0,4458	153,69	150,10	0,03012	
3,660	-0,4459	154,14	150,11	0,03007	
3,680	-0,4458	154,41	150,11	0,02999	
3,700	-0,4458	154,11	150,11	0,02991	
3,720	-0,4458	154,87	150,11	0,02991	
3,740	-0,4458	154,97	150,10	0,03000	
3,760	-0,4458	154,27	150,10	0,03009	
3,780	-0,4460	155,02	150,10	0,03026	
3,800	-0,4463	155,69	150,10	0,03039	
3,820	-0,4465	154,72	150,10	0,03037	
3,840	-0,4466	153,80	150,10	0,03019	
3,860	-0,4465	153,53	150,10	0,02996	
3,880	-0,4465	153,55	150,10	0,02998	
3,900	-0,4465	153,57	150,10	0,03009	
3,920	-0,4466	153,49	150,10	0,03020	
3,940	-0,4469	153,44	150,11	0,03029	
3,960	-0,4471	153,55	150,11	0,03027	
3,980	-0,4472	153,64	150,11	0,03016	
4,000	-0,4472	153,65	150,10	0,03004	
4,020	-0,4472	153,73	150,10	0,02996	
4,040	-0,4472	153,74	150,10	0,02993	
4,060	-0,4472	153,71	150,10	0,03005	
4,080	-0,4472	153,70	150,11	0,03023	
4,100	-0,4472	153,62	150,11	0,03028	
4,120	-0,4473	153,59	150,11	0,03020	
4,140	-0,4476	153,63	150,11	0,03010	
4,160	-0,4478	153,65	150,11	0,03003	
4,180	-0,4479	153,61	150,10	0,03006	
4,200	-0,4479	153,67	150,10	0,03012	
4,220	-0,4479	153,58	150,10	0,03017	
4,240	-0,4478	152,46	150,10	0,03023	
4,260	-0,4478	152,17	150,10	0,03032	
4,280	-0,4479	152,95	150,10	0,03032	
4,300	-0,4478	153,01	150,11	0,03021	
4,320	-0,4478	152,82	150,11	0,03012	
4,340	-0,4479	153,08	150,11	0,03009	
4,360	-0,4479	152,16	150,10	0,03012	
4,380	-0,4479	150,80	150,10	0,03021	
4,400	-0,4479	150,12	150,10	0,03029	
4,420	-0,4479	149,96	150,10	0,03023	
4,440	-0,4479	150,07	150,10	0,03018	
4,460	-0,4479	150,14	150,10	0,03011	
4,480	-0,4478	150,12	150,09	0,03001	
4,500	-0,4479	150,70	150,10	0,02996	
4,520	-0,4481	152,28	150,10	0,03004	
4,540	-0,4484	152,75	150,11	0,03023	
4,560	-0,4485	152,09	150,11	0,03036	
4,580	-0,4485	152,44	150,11	0,03028	
4,600	-0,4485	151,91	150,10	0,03011	
4,620	-0,4485	150,83	150,10	0,03002	
4,640	-0,4485	150,30	150,10	0,02997	
4,660	-0,4485	150,17	150,10	0,03002	
4,680	-0,4485	150,80	150,10	0,03011	
4,700	-0,4485	152,27	150,10	0,03023	
4,720	-0,4485	152,07	150,10	0,03033	
4,740	-0,4485	151,47	150,10	0,03031	
4,760	-0,4485	152,37	150,11	0,03024	
4,780	-0,4485	152,75	150,11	0,03014	
4,800	-0,4485	152,13	150,11	0,03010	
4,820	-0,4485	152,64	150,10	0,03012	
4,840	-0,4485	152,77	150,10	0,03020	
4,860	-0,4485	151,53	150,10	0,03033	
4,880	-0,4485	150,55	150,10	0,03040	
4,900	-0,4485	150,25	150,10	0,03039	
4,920	-0,4488	150,29	150,10	0,03031	
4,940	-0,4491	150,34	150,10	0,03019	
4,960	-0,4492	150,27	150,10	0,03012	
4,980	-0,4492	150,23	150,10	0,03018	
5,000	-0,4492	150,24	150,11	0,03026	
5,020	-0,4492	150,20	150,11	0,03023	
5,040	-0,4492	150,20	150,11	0,03026	
5,060	-0,4492	150,32	150,10	0,03035	
5,080	-0,4492	150,38	150,10	0,03029	
5,100	-0,4492	150,33	150,10	0,03016	
5,120	-0,4492	150,35	150,10	0,03010	
5,140	-0,4492	150,31	150,10	0,03011	
5,160	-0,4492	150,28	150,10	0,03023	
5,180	-0,4492	150,74	150,10	0,03025	
5,200	-0,4492	151,11	150,10	0,03032	
5,220	-0,4492	150,75	150,10	0,03035	
5,240	-0,4492	150,49	150,11	0,03025	
5,260	-0,4492	150,36	150,11	0,03011	
5,280	-0,4492	150,33	150,11	0,03014	
5,300	-0,4492	150,42	150,10	0,03023	
5,320	-0,4492	150,37	150,10	0,03032	
5,340	-0,4492	150,35	150,10	0,03040	
5,360	-0,4492	150,39	150,10	0,03036	
5,380	-0,4492	150,37	150,10	0,03021	
5,400	-0,4492	150,42	150,10	0,03015	
5,420	-0,4492	150,39	150,11	0,03014	
5,440	-0,4492	150,29	150,11	0,03017	
5,460	-0,4492	150,27	150,11	0,03023	
5,480	-0,4492	150,30	150,11	0,03035	
5,500	-0,4492	150,28	150,10	0,03045	
5,520	-0,4492	150,32	150,09	0,03046	
5,540	-0,4492	150,39	150,10	0,03039	
5,560	-0,4492	150,33	150,10	0,03027	
5,580	-0,4492	150,28	150,10	0,03009	
5,600	-0,4492	150,34	150,10	0,03001	
5,620	-0,4495	150,32	150,10	0,03010	
5,640	-0,4498	150,34	150,10	0,03024	
5,660	-0,4499	150,44	150,11	0,03034	
5,680	-0,4499	150,42	150,11	0,03031	
5,700	-0,4499	150,34	150,11	0,03024	
5,720	-0,4499	150,37	150,10	0,03014	
5,740	-0,4499	150,40	150,10	0,03011	
5,760	-0,4499	150,48	150,10	0,03020	
5,780	-0,4499	151,47	150,10	0,03024	
5,800	-0,4499	151,65	150,10	0,03034	
5,820	-0,4499	150,90	150,10	0,03036	
5,840	-0,4499	150,48	150,09	0,03026	
5,860	-0,4499	150,36	150,09	0,03016	
5,880	-0,4499	150,28	150,09	0,03006	
5,900	-0,4499	150,29	150,10	0,03004	
5,920	-0,4499	150,29	150,11	0,03013	
5,940	-0,4499	150,28	150,11	0,03026	
5,960	-0,4499	150,35	150,11	0,03036	
5,980	-0,4499	150,32	150,11	0,03035	
6,000	-0,4499	150,29	150,10	0,03025	
6,020	-0,4499	150,32	150,10	0,03012	
6,040	-0,4499	150,27	150,10	0,03003	
6,060	-0,4499	150,55	150,11	0,03007	
6,080	-0,4501	151,16	150,14	0,03003	
6,100	-0,4500	145,49	150,14	0,02989	
6,120	-0,4499	134,16	150,11	0,02986	
6,140	-0,4499	122,07	150,10	0,02997	
6,160	-0,4499	109,41	150,09	0,03003	
6,180	-0,4495	95,35	150,10	0,03005	
6,200	-0,4488	85,10	150,10	0,02999	
6,220	-0,4479	78,94	150,10	0,02992	
6,240	-0,4470	73,12	150,11	0,02991	
6,260	-0,4459	66,70	150,11	0,02999	
6,280	-0,4446	61,22	150,10	0,03008	
6,300	-0,4433	57,85	150,10	0,03018	
6,320	-0,4419	57,67	150,10	0,03018	
6,340	-0,4406	59,02	150,10	0,03004	
6,360	-0,4392	60,81	150,10	0,02991	
6,380	-0,4379	62,82	150,10	0,02985	
6,400	-0,4365	64,85	150,09	0,02990	
6,420	-0,4352	65,94	150,10	0,03000	
6,440	-0,4339	66,21	150,10	0,03008	
6,460	-0,4325	66,27	150,10	0,03016	
6,480	-0,4311	66,31	150,10	0,03018	
6,500	-0,4298	66,35	150,10	0,03013	
6,520	-0,4284	66,36	150,11	0,03001	
6,540	-0,4271	66,25	150,11	0,03000	
6,560	-0,4258	65,06	150,11	0,03002	
6,580	-0,4244	63,62	150,10	0,03004	
6,600	-0,4231	62,95	150,10	0,03010	
6,620	-0,4217	62,84	150,09	0,03017	
6,640	-0,4204	62,88	150,09	0,03016	
6,660	-0,4189	62,92	150,09	0,03000	
6,680	-0,4173	62,93	150,09	0,02989	
6,700	-0,4157	62,88	150,09	0,02989	
6,720	-0,4143	62,91	150,10	0,02995	
6,740	-0,4130	63,00	150,10	0,03008	
6,760	-0,4117	62,95	150,10	0,03018	
6,780	-0,4103	62,91	150,10	0,03022	
6,800	-0,4090	62,94	150,11	0,03025	
6,820	-0,4076	63,03	150,11	0,03018	
6,840	-0,4063	62,53	150,11	0,03005	
6,860	-0,4050	61,04	150,10	0,02996	
6,880	-0,4036	59,88	150,10	0,02999	
6,900	-0,4023	59,53	150,10	0,03007	
6,920	-0,4009	59,55	150,10	0,03018	
6,940	-0,3996	59,58	150,09	0,03028	
6,960	-0,3983	59,53	150,09	0,03020	
6,980	-0,3969	59,38	150,09	0,03005	
7,000	-0,3956	58,25	150,10	0,02998	
7,020	-0,3942	56,84	150,10	0,02999	
7,040	-0,3928	56,21	150,10	0,03003	
7,060	-0,3911	56,12	150,10	0,03006	
7,080	-0,3895	56,16	150,10	0,03013	
7,100	-0,3881	56,20	150,10	0,03020	
7,120	-0,3868	56,19	150,10	0,03013	
7,140	-0,3855	56,21	150,10	0,03000	
7,160	-0,3840	56,28	150,10	0,02990	
7,180	-0,3824	56,25	150,10	0,02988	
7,200	-0,3808	56,23	150,10	0,02997	
7,220	-0,3794	56,24	150,10	0,03006	
7,240	-0,3781	56,27	150,10	0,03015	
7,260	-0,3768	56,32	150,10	0,03019	
7,280	-0,3753	56,30	150,10	0,03012	
7,300	-0,3737	56,33	150,10	0,03001	
7,320	-0,3721	56,35	150,10	0,02995	
7,340	-0,3707	56,29	150,10	0,02996	
7,360	-0,3694	56,15	150,10	0,03002	
7,380	-0,3679	55,47	150,11	0,03010	
7,400	-0,3663	55,05	150,11	0,03015	
7,420	-0,3648	54,04	150,10	0,03012	
7,440	-0,3634	53,15	150,10	0,03007	
7,460	-0,3619	52,82	150,10	0,02999	
7,480	-0,3603	52,79	150,09	0,02992	
7,500	-0,3587	52,84	150,09	0,02994	
7,520	-0,3573	52,90	150,09	0,02997	
7,540	-0,3558	52,87	150,09	0,03004	
7,560	-0,3542	52,80	150,09	0,03014	
7,580	-0,3527	52,84	150,09	0,03014	
7,600	-0,3511	52,83	150,09	0,03008	
7,620	-0,3495	52,77	150,09	0,02992	
7,640	-0,3479	52,81	150,09	0,02984	
7,660	-0,3466	52,85	150,09	0,02989	
7,680	-0,3451	52,82	150,09	0,02994	
7,700	-0,3435	52,76	150,09	0,03000	
7,720	-0,3419	52,60	150,09	0,03012	
7,740	-0,3405	51,41	150,09	0,03018	
7,760	-0,3389	50,02	150,09	0,03009	
7,780	-0,3373	49,49	150,09	0,02995	
7,800	-0,3358	49,44	150,09	0,02983	
7,820	-0,3342	49,45	150,09	0,02984	
7,840	-0,3326	49,48	150,09	0,03002	
7,860	-0,3311	49,44	150,09	0,03019	
7,880	-0,3297	48,84	150,15	0,03024	
7,900	-0,3280	47,20	150,65	0,03019	
7,920	-0,3265	46,09	151,76	0,03004	
7,940	-0,3248	45,85	153,38	0,02990	
7,960	-0,3232	45,91	154,91	0,02984	
7,980	-0,3216	46,00	156,35	0,02991	
8,000	-0,3200	46,10	158,09	0,03002	
8,020	-0,3184	46,09	160,09	0,03016	
8,040	-0,3168	46,06	161,75	0,03023	
8,060	-0,3151	46,04	163,13	0,03018	
8,080	-0,3136	46,02	164,25	0,03005	
8,100	-0,3119	46,00	165,39	0,02991	
8,120	-0,3104	45,99	166,77	0,02987	
8,140	-0,3087	45,94	168,14	0,02997	
8,160	-0,3071	45,93	169,68	0,03006	
8,180	-0,3055	45,98	171,34	0,03020	
8,200	-0,3038	46,04	172,78	0,03029	
8,220	-0,3022	45,54	174,20	0,03024	
8,240	-0,3005	44,01	175,56	0,03011	
8,260	-0,2988	42,96	176,83	0,03002	
8,280	-0,2972	42,71	178,24	0,03001	
8,300	-0,2956	42,74	179,72	0,03006	
8,320	-0,2940	42,79	181,24	0,03016	
8,340	-0,2922	42,77	182,63	0,03017	
8,360	-0,2904	42,69	183,98	0,03021	
8,380	-0,2888	42,65	185,48	0,03017	
8,400	-0,2871	42,67	187,00	0,02998	
8,420	-0,2854	42,62	188,42	0,02990	
8,440	-0,2837	42,57	189,82	0,02986	
8,460	-0,2819	42,61	191,22	0,02993	
8,480	-0,2802	42,63	192,52	0,03007	
8,500	-0,2785	42,65	193,83	0,03019	
8,520	-0,2769	42,68	195,26	0,03018	
8,540	-0,2752	42,18	196,69	0,03009	
8,560	-0,2735	40,70	198,08	0,03001	
8,580	-0,2718	39,62	199,43	0,02998	
8,600	-0,2702	39,31	200,72	0,03001	
8,620	-0,2685	39,37	202,08	0,03002	
8,640	-0,2667	39,34	203,45	0,03007	
8,660	-0,2650	39,17	204,72	0,03015	
8,680	-0,2633	38,05	206,03	0,03020	
8,700	-0,2616	36,64	207,49	0,03014	
8,720	-0,2598	36,00	208,94	0,03004	
8,740	-0,2581	35,88	210,30	0,02994	
8,760	-0,2564	35,88	211,70	0,02993	
8,780	-0,2546	35,81	213,10	0,03006	
8,800	-0,2528	35,75	214,58	0,03016	
8,820	-0,2509	35,75	216,07	0,03020	
8,840	-0,2490	35,82	217,47	0,03017	
8,860	-0,2472	35,88	218,88	0,03003	
8,880	-0,2455	35,92	220,36	0,02997	
8,900	-0,2438	35,88	221,87	0,02997	
8,920	-0,2421	35,84	223,37	0,03001	
8,940	-0,2403	35,36	224,84	0,03013	
8,960	-0,2384	33,88	226,29	0,03024	
8,980	-0,2365	32,78	227,73	0,03021	
9,000	-0,2347	32,52	229,11	0,03012	
9,020	-0,2329	32,54	230,47	0,03001	
9,040	-0,2311	32,54	231,87	0,02993	
9,060	-0,2294	32,59	233,32	0,02990	
9,080	-0,2275	32,64	234,76	0,03000	
9,100	-0,2256	32,63	236,18	0,03016	
9,120	-0,2238	32,62	237,57	0,03025	
9,140	-0,2219	32,59	238,95	0,03021	
9,160	-0,2200	32,54	240,35	0,03005	
9,180	-0,2182	32,52	241,81	0,02994	
9,200	-0,2162	32,58	243,28	0,02996	
9,220	-0,2144	32,51	244,71	0,02999	
9,240	-0,2125	32,45	246,14	0,03006	
9,260	-0,2106	32,53	247,62	0,03018	
9,280	-0,2088	32,08	249,09	0,03021	
9,300	-0,2070	30,51	250,55	0,03020	
9,320	-0,2051	29,39	252,02	0,03010	
9,340	-0,2032	29,07	253,45	0,02997	
9,360	-0,2014	28,97	254,84	0,02990	
9,380	-0,1994	27,93	256,27	0,02993	
9,400	-0,1976	26,60	258,23	0,03010	
9,420	-0,1957	25,93	261,41	0,03026	
9,440	-0,1937	25,86	265,60	0,03031	
9,460	-0,1918	25,92	268,87	0,03016	
9,480	-0,1899	25,87	270,86	0,03008	
9,500	-0,1880	25,78	272,44	0,03010	
9,520	-0,1860	25,67	273,89	0,03011	
9,540	-0,1840	24,54	275,34	0,03012	
9,560	-0,1821	23,10	276,82	0,03012	
9,580	-0,1802	22,45	278,32	0,03016	
9,600	-0,1783	22,34	279,80	0,03016	
9,620	-0,1762	22,39	281,29	0,03006	
9,640	-0,1742	22,40	282,79	0,02999	
9,660	-0,1722	22,39	284,27	0,02994	
9,680	-0,1702	22,42	285,69	0,02993	
9,700	-0,1682	22,46	287,07	0,02999	
9,720	-0,1662	22,44	288,35	0,03011	
9,740	-0,1642	22,84	289,54	0,03023	
9,760	-0,1621	24,28	290,78	0,03025	
9,780	-0,1602	25,33	292,08	0,03011	
9,800	-0,1583	26,14	293,43	0,03000	
9,820	-0,1564	27,70	294,76	0,03000	
9,840	-0,1544	28,80	296,09	0,03005	
9,860	-0,1524	29,15	297,45	0,03012	
9,880	-0,1504	29,72	298,86	0,03021	
9,900	-0,1485	30,76	300,30	0,03023	
9,920	-0,1466	30,39	301,74	0,03017	
9,940	-0,1447	29,61	303,12	0,03008	
9,960	-0,1429	29,27	304,50	0,03001	
9,980	-0,1410	29,22	305,89	0,03002	
10,00	-0,1391	29,24	307,35	0,03007	
10,02	-0,1372	28,76	308,90	0,03019	
10,04	-0,1353	27,29	310,46	0,03030	
10,06	-0,1335	26,20	311,99	0,03034	
10,08	-0,1315	25,87	313,51	0,03020	
10,10	-0,1296	25,88	315,00	0,03009	
10,12	-0,1277	25,92	316,50	0,03001	
10,14	-0,1257	25,53	318,01	0,03002	
10,16	-0,1236	25,54	319,20	0,03013	
10,18	-0,1217	30,82	319,76	0,03020	
10,20	-0,1199	42,79	319,93	0,03017	
10,22	-0,1181	56,07	320,06	0,03004	
10,24	-0,1162	67,94	320,48	0,02995	
10,26	-0,1146	75,32	321,34	0,02996	
10,28	-0,1134	77,80	322,29	0,02996	
10,30	-0,1125	79,04	322,95	0,03007	
10,32	-0,1115	83,07	323,46	0,03022	
10,34	-0,1102	86,21	324,34	0,03027	
10,36	-0,1089	87,53	325,58	0,03021	
10,38	-0,1078	88,41	326,64	0,03006	
10,40	-0,1074	90,06	327,26	0,02993	
10,42	-0,1068	88,72	327,84	0,02991	
10,44	-0,1058	85,09	328,66	0,02990	
10,46	-0,1048	83,61	329,57	0,02992	
10,48	-0,1041	83,83	330,37	0,03002	
10,50	-0,1035	82,52	331,09	0,03014	
10,52	-0,1027	78,44	331,97	0,03020	
10,54	-0,1018	75,73	332,88	0,03010	
10,56	-0,1009	75,16	333,65	0,02996	
10,58	-0,1002	74,21	334,39	0,02992	
10,60	-0,09933	71,49	335,25	0,02994	
10,62	-0,09842	69,67	336,12	0,03002	
10,64	-0,09755	69,34	336,94	0,03012	
10,66	-0,09683	69,06	337,69	0,03015	
10,68	-0,09594	68,82	338,45	0,03013	
10,70	-0,09492	68,16	339,34	0,02999	
10,72	-0,09396	67,56	340,26	0,02987	
10,74	-0,09315	67,45	341,05	0,02989	
10,76	-0,09240	67,71	341,79	0,03000	
10,78	-0,09136	66,24	342,71	0,03012	
10,80	-0,09038	65,16	343,59	0,03022	
10,82	-0,08949	66,86	344,31	0,03025	
10,84	-0,08863	67,98	345,05	0,03007	
10,86	-0,08769	67,09	345,93	0,02991	
10,88	-0,08663	66,82	346,80	0,02989	
10,90	-0,08568	67,88	347,58	0,02997	
10,92	-0,08482	67,60	348,33	0,03005	
10,94	-0,08390	66,78	349,21	0,03005	
10,96	-0,08294	65,78	350,16	0,03005	
10,98	-0,08215	66,71	350,92	0,03008	
11,00	-0,08144	68,79	351,62	0,03004	
11,02	-0,08048	68,05	352,50	0,02997	
11,04	-0,07951	67,26	353,37	0,02991	
11,06	-0,07869	68,17	354,20	0,02994	
11,08	-0,07785	68,68	355,01	0,03008	
11,10	-0,07701	67,60	355,78	0,03019	
11,12	-0,07610	66,84	356,64	0,03015	
11,14	-0,07527	66,98	357,49	0,03006	
11,16	-0,07452	68,62	358,21	0,02993	
11,18	-0,07365	68,99	359,01	0,02990	
11,20	-0,07270	67,95	359,93	0,02997	
11,22	-0,07183	68,77	360,75	0,03004	
11,24	-0,07102	70,10	361,53	0,03010	
11,26	-0,07017	69,07	362,37	0,03019	
11,28	-0,06939	68,61	363,17	0,03015	
11,30	-0,06861	69,61	364,02	0,03002	
11,32	-0,06774	69,46	364,89	0,02989	
11,34	-0,06690	70,14	365,67	0,02982	
11,36	-0,06604	71,23	366,48	0,02990	
11,38	-0,06525	71,67	367,31	0,03002	
11,40	-0,06444	71,94	368,13	0,03012	
11,42	-0,06366	72,98	368,94	0,03014	
11,44	-0,06294	73,41	369,75	0,03015	
11,46	-0,06217	73,34	370,58	0,03012	
11,48	-0,06135	73,75	371,42	0,02996	
11,50	-0,06059	74,04	372,25	0,02985	
11,52	-0,05974	74,08	373,05	0,02986	
11,54	-0,05898	74,76	373,82	0,02996	
11,56	-0,05823	75,00	374,70	0,03009	
11,58	-0,05743	74,49	375,58	0,03016	
11,60	-0,05667	75,94	376,34	0,03018	
11,62	-0,05592	78,14	377,11	0,03011	
11,64	-0,05516	78,35	377,97	0,02993	
11,66	-0,05436	78,41	378,82	0,02985	
11,68	-0,05372	80,33	379,57	0,02994	
11,70	-0,05298	81,24	380,40	0,03010	
11,72	-0,05214	80,29	381,30	0,03014	
11,74	-0,05150	81,55	382,02	0,03016	
11,76	-0,05087	84,03	382,79	0,03019	
11,78	-0,05003	83,44	383,80	0,03012	
11,80	-0,04919	82,35	384,75	0,02997	
11,82	-0,04856	84,95	385,43	0,02992	
11,84	-0,04808	87,19	386,10	0,02994	
11,86	-0,04736	85,90	387,00	0,03005	
11,88	-0,04652	86,10	387,86	0,03021	
11,90	-0,04591	88,70	388,60	0,03023	
11,92	-0,04534	88,31	389,48	0,03015	
11,94	-0,04474	86,50	390,40	0,02996	
11,96	-0,04411	87,79	391,17	0,02985	
11,98	-0,04347	89,72	391,90	0,02990	
12,00	-0,04278	88,41	392,76	0,03003	
12,02	-0,04220	87,33	393,62	0,03016	
12,04	-0,04182	88,25	394,38	0,03021	
12,06	-0,04136	87,22	395,20	0,03018	
12,08	-0,04072	84,21	396,09	0,03012	
12,10	-0,04008	83,92	396,92	0,02999	
12,12	-0,03960	85,50	397,67	0,02992	
12,14	-0,03904	84,73	398,50	0,02993	
12,16	-0,03843	83,36	399,37	0,03000	
12,18	-0,03798	84,71	400,15	0,03011	
12,20	-0,03739	85,55	400,98	0,03020	
12,22	-0,03670	83,86	401,85	0,03014	
12,24	-0,03620	83,61	402,66	0,03001	
12,26	-0,03566	84,09	403,47	0,02991	
12,28	-0,03508	83,95	404,28	0,02989	
12,30	-0,03459	83,55	405,11	0,02999	
12,32	-0,03400	83,77	405,94	0,03005	
12,34	-0,03335	83,73	406,75	0,03011	
12,36	-0,03286	83,52	407,54	0,03017	
12,38	-0,03231	83,14	408,39	0,03015	
12,40	-0,03165	83,57	409,23	0,03004	
12,42	-0,03103	85,21	410,02	0,02991	
12,44	-0,03042	86,08	410,85	0,02989	
12,46	-0,02990	85,80	411,68	0,02995	
12,48	-0,02935	86,54	412,47	0,03005	
12,50	-0,02884	86,77	413,30	0,03021	
12,52	-0,02828	85,88	414,15	0,03031	
12,54	-0,02766	85,52	414,96	0,03019	
12,56	-0,02711	86,54	415,76	0,03004	
12,58	-0,02657	86,81	416,61	0,02995	
12,60	-0,02596	85,95	417,49	0,02995	
12,62	-0,02537	86,46	418,29	0,03009	
12,64	-0,02483	87,20	419,08	0,03023	
12,66	-0,02425	87,04	419,92	0,03032	
12,68	-0,02364	86,71	420,75	0,03035	
12,70	-0,02308	87,62	421,53	0,03025	
12,72	-0,02257	89,08	422,34	0,03008	
12,74	-0,02196	88,59	423,21	0,02997	
12,76	-0,02146	88,66	424,03	0,02999	
12,78	-0,02094	89,97	424,82	0,03007	
12,80	-0,02039	89,77	425,64	0,03010	
12,82	-0,01987	89,45	426,47	0,03014	
12,84	-0,01928	90,59	427,30	0,03015	
12,86	-0,01877	91,25	428,13	0,03008	
12,88	-0,01822	90,41	428,97	0,02991	
12,90	-0,01767	90,19	429,76	0,02987	
12,92	-0,01721	90,73	430,56	0,02996	
12,94	-0,01674	90,74	431,44	0,03010	
12,96	-0,01622	91,12	432,27	0,03013	
12,98	-0,01568	92,86	433,03	0,03013	
13,00	-0,01518	94,01	433,83	0,03011	
13,02	-0,01457	93,06	434,72	0,03003	
13,04	-0,01403	92,57	435,56	0,02992	
13,06	-0,01357	93,67	436,31	0,02990	
13,08	-0,01300	93,01	437,13	0,02999	
13,10	-0,01244	91,50	437,98	0,03010	
13,12	-0,01204	92,00	438,78	0,03021	
13,14	-0,01159	92,57	439,62	0,03024	
13,16	-0,01111	91,88	440,45	0,03016	
13,18	-0,01056	91,66	441,25	0,03008	
13,20	-0,01005	92,23	442,09	0,03004	
13,22	-0,00951	92,30	442,90	0,03003	
13,24	-0,00899	93,33	443,66	0,03006	
13,26	-0,00848	93,50	444,49	0,03016	
13,28	-0,00800	92,56	445,36	0,03027	
13,30	-0,00749	92,68	446,19	0,03023	
13,32	-0,00697	93,57	446,99	0,03009	
13,34	-0,00644	92,96	447,81	0,03003	
13,36	-0,00584	92,03	448,64	0,03002	
13,38	-0,00535	92,90	449,43	0,03002	
13,40	-0,00486	92,66	450,27	0,03007	
13,42	-0,00438	91,53	451,11	0,03016	
13,44	-0,00396	91,60	451,91	0,03022	
13,46	-0,00352	91,90	452,71	0,03018	
13,48	-0,00302	91,39	453,59	0,03011	
13,50	-0,00244	90,25	454,48	0,03000	
13,52	-0,00199	90,86	455,25	0,02994	
13,54	-0,00152	91,28	456,04	0,02997	
13,56	-0,00102	90,40	456,89	0,03009	
13,58	-0,00048	90,24	457,68	0,03021	
13,60	0,000	91,12	458,45	0,03030	
13,62	0,00050	91,33	459,31	0,03019	
13,64	0,00099	90,40	460,19	0,03005	
13,66	0,00155	90,89	460,97	0,02998	
13,68	0,00205	91,39	461,75	0,02989	
13,70	0,00261	89,98	462,63	0,02989	
13,72	0,00316	89,31	463,47	0,03003	
13,74	0,00365	90,19	464,24	0,03014	
13,76	0,00412	89,73	465,06	0,03019	
13,78	0,00463	88,81	465,87	0,03019	
13,80	0,00518	89,21	466,69	0,03009	
13,82	0,00570	89,13	467,55	0,03000	
13,84	0,00610	88,32	468,35	0,02990	
13,86	0,00661	88,79	469,15	0,02981	
13,88	0,00720	88,97	470,01	0,02986	
13,90	0,00767	89,30	470,80	0,03008	
13,92	0,00823	90,24	471,59	0,03024	
13,94	0,00879	89,59	472,44	0,03014	
13,96	0,00931	88,32	473,25	0,03000	
13,98	0,00988	88,04	474,08	0,02996	
14,00	0,01041	87,80	474,95	0,02995	
14,02	0,01081	87,14	475,75	0,02998	
14,04	0,01131	87,60	476,53	0,03006	
14,06	0,01187	87,52	477,35	0,03017	
14,08	0,01239	86,24	478,19	0,03025	
14,10	0,01294	86,48	478,98	0,03018	
14,12	0,01345	86,94	479,78	0,03000	
14,14	0,01403	85,55	480,68	0,02996	
14,16	0,01455	85,40	481,48	0,03005	
14,18	0,01504	87,33	482,27	0,03015	
14,20	0,01567	86,97	483,15	0,03016	
14,22	0,01627	86,33	483,95	0,03017	
14,24	0,01679	87,46	484,75	0,03016	
14,26	0,01738	86,88	485,62	0,03005	
14,28	0,01788	86,44	486,39	0,02993	
14,30	0,01840	87,08	487,21	0,02990	
14,32	0,01903	85,94	488,10	0,03001	
14,34	0,01947	85,44	488,87	0,03011	
14,36	0,02001	86,45	489,68	0,03013	
14,38	0,02063	85,09	490,58	0,03010	
14,40	0,02107	84,09	491,33	0,03009	
14,42	0,02166	84,83	492,14	0,03007	
14,44	0,02237	83,75	493,02	0,03004	
14,46	0,02296	82,51	493,80	0,02999	
14,48	0,02350	82,78	494,62	0,02996	
14,50	0,02409	82,21	495,47	0,03000	
14,52	0,02458	82,12	496,24	0,03012	
14,54	0,02512	82,03	497,08	0,03015	
14,56	0,02576	80,89	497,96	0,03011	
14,58	0,02633	81,30	498,71	0,03007	
14,60	0,02688	81,83	499,51	0,02999	
14,62	0,02745	80,94	500,36	0,02999	
14,64	0,02803	81,21	501,16	0,03006	
14,66	0,02863	81,75	501,99	0,03014	
14,68	0,02918	80,40	502,83	0,03018	
14,70	0,02974	80,17	503,64	0,03016	
14,72	0,03040	79,89	504,51	0,03009	
14,74	0,03109	79,08	505,33	0,02997	
14,76	0,03171	79,91	506,09	0,02986	
14,78	0,03228	80,67	506,92	0,02986	
14,80	0,03282	80,31	507,72	0,03002	
14,82	0,03341	80,48	508,53	0,03013	
14,84	0,03411	79,36	509,43	0,03020	
14,86	0,03469	78,42	510,23	0,03025	
14,88	0,03516	79,11	510,99	0,03020	
14,90	0,03581	78,22	511,90	0,03003	
14,92	0,03643	77,38	512,67	0,02997	
14,94	0,03708	78,44	513,43	0,03005	
14,96	0,03784	77,59	514,36	0,03015	
14,98	0,03848	76,53	515,18	0,03023	
15,00	0,03910	77,80	515,96	0,03022	
15,02	0,03968	77,09	516,82	0,03016	
15,04	0,04016	75,19	517,58	0,03009	
15,06	0,04077	75,58	518,39	0,02999	
15,08	0,04151	73,99	519,30	0,02991	
15,10	0,04211	72,48	520,04	0,02994	
15,12	0,04278	73,42	520,83	0,03004	
15,14	0,04354	72,95	521,74	0,03011	
15,16	0,04416	72,23	522,52	0,03014	
15,18	0,04484	72,30	523,33	0,03013	
15,20	0,04556	70,51	524,21	0,03002	
15,22	0,04615	70,11	524,97	0,02996	
15,24	0,04684	70,48	525,81	0,02996	
15,26	0,04757	68,70	526,67	0,02998	
15,28	0,04817	68,31	527,41	0,03005	
15,30	0,04886	68,40	528,23	0,03015	
15,32	0,04957	66,83	529,07	0,03026	
15,34	0,05016	66,63	529,81	0,03023	
15,36	0,05087	66,24	530,70	0,03005	
15,38	0,05160	63,89	531,59	0,02988	
15,40	0,05217	64,59	532,32	0,02985	
15,42	0,05289	65,28	533,18	0,02993	
15,44	0,05375	63,61	534,04	0,03009	
15,46	0,05447	63,98	534,77	0,03024	
15,48	0,05522	64,62	535,64	0,03023	
15,50	0,05593	62,87	536,48	0,03008	
15,52	0,05653	62,57	537,22	0,02992	
15,54	0,05726	61,63	538,14	0,02989	
15,56	0,05795	59,26	538,99	0,02993	
15,58	0,05855	58,97	539,73	0,02999	
15,60	0,05935	58,21	540,63	0,03006	
15,62	0,06020	56,51	541,44	0,03008	
15,64	0,06089	57,36	542,16	0,03012	
15,66	0,06163	57,07	543,05	0,03009	
15,68	0,06231	55,28	543,84	0,03005	
15,70	0,06304	55,47	544,59	0,03001	
15,72	0,06393	53,82	545,54	0,02997	
15,74	0,06463	51,16	546,41	0,03007	
15,76	0,06527	51,45	547,15	0,03017	
15,78	0,06606	50,91	547,95	0,03020	
15,80	0,06691	48,83	548,73	0,03016	
15,82	0,06779	48,94	549,53	0,03008	
15,84	0,06867	48,93	550,42	0,03003	
15,86	0,06938	47,62	551,17	0,03003	
15,88	0,07019	47,14	551,98	0,03000	
15,90	0,07107	44,40	552,97	0,03007	
15,92	0,07182	42,31	553,77	0,03020	
15,94	0,07259	43,25	554,50	0,03027	
15,96	0,07344	42,62	555,30	0,03021	
15,98	0,07426	40,22	556,09	0,03005	
16,00	0,07518	39,49	556,94	0,02994	
16,02	0,07606	38,53	557,81	0,02993	
16,04	0,07677	37,34	558,52	0,02995	
16,06	0,07762	35,83	559,37	0,02999	
16,08	0,07860	33,18	560,33	0,03008	
16,10	0,07941	33,54	561,10	0,03017	
16,12	0,08030	34,51	561,89	0,03021	
16,14	0,08133	32,22	562,69	0,03014	
16,16	0,08226	31,07	563,40	0,03002	
16,18	0,08323	31,03	564,32	0,03000	
16,20	0,08423	28,41	565,32	0,03004	
16,22	0,08515	27,61	566,07	0,03014	
16,24	0,08613	27,88	566,84	0,03021	
16,26	0,08709	25,84	567,66	0,03022	
16,28	0,08797	25,59	568,37	0,03010	
16,30	0,08900	25,38	569,26	0,02997	
16,32	0,09010	22,14	570,19	0,02994	
16,34	0,09103	21,42	570,92	0,02999	
16,36	0,09204	21,04	571,72	0,03003	
16,38	0,09309	18,14	572,60	0,03013	
16,40	0,09406	17,23	573,36	0,03020	
16,42	0,09506	17,74	574,17	0,03016	
16,44	0,09611	15,37	575,03	0,03009	
16,46	0,09720	13,60	575,82	0,02995	
16,48	0,09822	13,28	576,61	0,02989	
16,50	0,09934	12,52	577,39	0,02998	
16,52	0,1005	11,14	578,23	0,03017	
16,54	0,1016	10,32	579,09	0,03028	
16,56	0,1027	9,285	579,84	0,03027	
16,58	0,1038	8,685	580,62	0,03024	
16,60	0,1050	6,585	581,64	0,03019	
16,62	0,1060	4,832	582,55	0,03008	
16,64	0,1072	4,984	583,26	0,03003	
16,66	0,1083	3,318	584,06	0,03004	
16,68	0,1094	1,214	584,87	0,03012	
16,70	0,1106	1,159	585,65	0,03025	
16,72	0,1120	1,030	586,50	0,03031	
16,74	0,1133	-0,5757	587,29	0,03028	
16,76	0,1144	-0,9313	588,10	0,03014	
16,78	0,1155	-1,927	588,99	0,02999	
16,80	0,1167	-3,248	589,78	0,03003	
16,82	0,1180	-3,541	590,54	0,03012	
16,84	0,1194	-4,495	591,41	0,03020	
16,86	0,1207	-4,846	592,23	0,03029	
16,88	0,1220	-4,649	593,01	0,03025	
16,90	0,1231	-5,438	593,85	0,03012	
16,92	0,1242	-7,221	594,70	0,02998	
16,94	0,1255	-7,422	595,44	0,02997	
16,96	0,1268	-7,214	596,22	0,03003	
16,98	0,1282	-9,414	597,22	0,03013	
17,00	0,1295	-10,42	598,09	0,03022	
17,02	0,1308	-9,391	598,80	0,03024	
17,04	0,1322	-10,37	599,68	0,03017	
17,06	0,1335	-12,23	600,57	0,03013	
17,08	0,1346	-12,14	601,29	0,03000	
17,10	0,1357	-12,25	602,06	0,02989	
17,12	0,1369	-14,03	602,91	0,02993	
17,14	0,1382	-13,31	603,68	0,03008	
17,16	0,1395	-11,48	604,47	0,03027	
17,18	0,1409	-12,05	605,36	0,03036	
17,20	0,1422	-12,28	606,14	0,03030	
17,22	0,1435	-9,882	606,89	0,03006	
17,24	0,1449	-9,802	607,88	0,02989	
17,26	0,1463	-10,87	608,82	0,02997	
17,28	0,1475	-9,096	609,56	0,03014	
17,30	0,1486	-7,719	610,34	0,03019	
17,32	0,1497	-7,720	611,10	0,03022	
17,34	0,1510	-6,431	611,90	0,03024	
17,36	0,1523	-5,607	612,79	0,03014	
17,38	0,1536	-5,466	613,58	0,02997	
17,40	0,1550	-3,875	614,37	0,02987	
17,42	0,1564	-3,096	615,28	0,02995	
17,44	0,1576	-1,504	616,09	0,03007	
17,46	0,1587	1,377	616,89	0,03027	
17,48	0,1598	2,575	617,72	0,03035	
17,50	0,1610	3,144	618,44	0,03022	
17,52	0,1622	4,697	619,29	0,03006	
17,54	0,1633	5,005	620,27	0,02994	
17,56	0,1644	6,971	621,05	0,02992	
17,58	0,1657	9,771	621,86	0,02996	
17,60	0,1668	11,10	622,68	0,03004	
17,62	0,1678	13,23	623,37	0,03016	
17,64	0,1689	15,40	624,24	0,03026	
17,66	0,1700	15,37	625,21	0,03018	
17,68	0,1711	17,57	625,98	0,03003	
17,70	0,1722	20,49	626,77	0,02993	
17,72	0,1733	20,89	627,55	0,02996	
17,74	0,1744	22,14	628,29	0,03009	
17,76	0,1755	24,16	629,20	0,03021	
17,78	0,1765	24,50	630,10	0,03025	
17,80	0,1775	26,30	630,86	0,03028	
17,82	0,1785	28,31	631,70	0,03017	
17,84	0,1795	28,53	632,51	0,03003	
17,86	0,1805	30,47	633,27	0,02998	
17,88	0,1815	31,98	634,19	0,02998	
17,90	0,1824	32,42	635,00	0,03003	
17,92	0,1833	35,39	635,73	0,03011	
17,94	0,1842	36,56	636,67	0,03018	
17,96	0,1852	36,18	637,54	0,03016	
17,98	0,1862	38,04	638,30	0,03004	
18,00	0,1871	39,34	639,12	0,02987	
18,02	0,1881	39,38	639,88	0,02991	
18,04	0,1890	41,29	640,68	0,02998	
18,06	0,1899	42,16	641,58	0,03008	
18,08	0,1907	42,00	642,35	0,03024	
18,10	0,1915	43,30	643,13	0,03025	
18,12	0,1925	42,96	644,04	0,03013	
18,14	0,1934	42,50	644,84	0,03000	
18,16	0,1942	44,07	645,64	0,02990	
18,18	0,1950	44,10	646,49	0,02993	
18,20	0,1958	44,01	647,17	0,03004	
18,22	0,1967	45,48	647,99	0,03012	
18,24	0,1976	44,49	649,02	0,03013	
18,26	0,1984	43,58	649,87	0,03012	
18,28	0,1992	44,23	650,62	0,03003	
18,30	0,2001	43,84	651,42	0,02990	
18,32	0,2010	43,21	652,23	0,02982	
18,34	0,2019	43,89	653,00	0,02983	
18,36	0,2026	44,35	653,82	0,02994	
18,38	0,2035	43,57	654,67	0,03004	
18,40	0,2043	43,95	655,43	0,03009	
18,42	0,2052	44,30	656,25	0,03011	
18,44	0,2060	42,87	657,16	0,03004	
18,46	0,2068	42,49	657,89	0,02992	
18,48	0,2076	43,39	658,66	0,02988	
18,50	0,2087	41,27	659,66	0,02992	
18,52	0,2095	40,07	660,51	0,03001	
18,54	0,2103	41,33	661,27	0,03011	
18,56	0,2111	40,50	662,07	0,03020	
18,58	0,2119	39,13	662,77	0,03011	
18,60	0,2128	39,30	663,62	0,02994	
18,62	0,2138	37,84	664,59	0,02991	
18,64	0,2146	37,05	665,33	0,02993	
18,66	0,2154	37,47	666,13	0,02994	
18,68	0,2163	36,21	667,06	0,03007	
18,70	0,2173	36,20	667,84	0,03018	
18,72	0,2182	37,15	668,62	0,03021	
18,74	0,2192	35,36	669,43	0,03015	
18,76	0,2200	34,37	670,19	0,02999	
18,78	0,2209	34,89	671,07	0,02986	
18,80	0,2218	34,03	671,92	0,02989	
18,82	0,2227	33,80	672,64	0,03006	
18,84	0,2236	33,67	673,52	0,03041	
18,86	0,2246	31,95	674,42	0,03119	
18,88	0,2255	32,43	675,15	0,03175	
18,90	0,2265	33,41	676,00	0,03176	
18,92	0,2274	32,20	676,82	0,03159	
18,94	0,2282	32,23	677,55	0,03151	
18,96	0,2292	32,18	678,46	0,03152	
18,98	0,2301	30,21	679,38	0,03164	
19,00	0,2310	30,49	680,15	0,03175	
19,02	0,2320	30,39	680,96	0,03182	
19,04	0,2330	28,46	681,72	0,03174	
19,06	0,2340	28,80	682,46	0,03157	
19,08	0,2350	28,85	683,39	0,03106	
19,10	0,2359	27,23	684,26	0,03035	
19,12	0,2369	27,86	685,01	0,03004	
19,14	0,2379	27,36	685,86	0,03013	
19,16	0,2390	26,09	686,70	0,03019	
19,18	0,2399	26,80	687,49	0,03027	
19,20	0,2410	27,34	688,30	0,03020	
19,22	0,2419	26,22	689,09	0,03002	
19,24	0,2429	25,49	689,89	0,02997	
19,26	0,2440	25,07	690,75	0,02997	
19,28	0,2450	24,65	691,57	0,03001	
19,30	0,2460	25,14	692,40	0,03006	
19,32	0,2470	24,72	693,23	0,03007	
19,34	0,2479	24,56	693,97	0,03008	
19,36	0,2490	24,59	694,81	0,03005	
19,38	0,2500	22,77	695,76	0,02994	
19,40	0,2510	22,56	696,52	0,02986	
19,42	0,2519	23,78	697,28	0,02989	
19,44	0,2531	22,75	698,20	0,03004	
19,46	0,2540	22,17	699,04	0,03022	
19,48	0,2551	23,20	699,82	0,03026	
19,50	0,2562	23,07	700,61	0,03018	
19,52	0,2572	21,68	701,41	0,03008	
19,54	0,2582	22,08	702,24	0,03001	
19,56	0,2593	22,68	703,07	0,03002	
19,58	0,2602	23,21	703,85	0,03007	
19,60	0,2612	23,72	704,67	0,03013	
19,62	0,2624	22,76	705,53	0,03015	
19,64	0,2634	22,41	706,36	0,03015	
19,66	0,2644	23,04	707,15	0,03007	
19,68	0,2654	22,37	707,98	0,03000	
19,70	0,2665	21,01	708,82	0,02991	
19,72	0,2674	21,37	709,60	0,02990	
19,74	0,2685	21,78	710,40	0,03004	
19,76	0,2695	20,99	711,25	0,03018	
19,78	0,2705	20,55	712,06	0,03022	
19,80	0,2715	20,25	712,90	0,03017	
19,82	0,2725	19,11	713,75	0,03016	
19,84	0,2735	18,73	714,53	0,03007	
19,86	0,2745	18,92	715,33	0,02995	
19,88	0,2755	18,13	716,19	0,02995	
19,90	0,2766	17,45	717,00	0,03004	
19,92	0,2776	17,64	717,78	0,03015	
19,94	0,2787	17,06	718,60	0,03021	
19,96	0,2798	15,63	719,45	0,03027	
19,98	0,2808	15,19	720,28	0,03023	
20,00	0,2819	15,57	721,09	0,03008	
20,02	0,2829	14,92	721,91	0,03002	
20,04	0,2840	14,05	722,70	0,03000	
20,06	0,2852	13,69	723,51	0,02999	
20,08	0,2862	13,21	724,36	0,03007	
20,10	0,2873	12,75	725,18	0,03023	
20,12	0,2884	12,42	725,97	0,03027	
20,14	0,2895	11,84	726,84	0,03013	
20,16	0,2906	12,00	727,69	0,03005	
20,18	0,2917	12,99	728,49	0,02996	
20,20	0,2928	13,51	729,32	0,02997	
20,22	0,2939	14,51	730,15	0,03009	
20,24	0,2950	16,31	730,94	0,03020	
20,26	0,2961	17,59	731,77	0,03025	
20,28	0,2972	18,28	732,64	0,03016	
20,30	0,2982	20,87	733,37	0,03005	
20,32	0,2991	23,80	734,17	0,02992	
20,34	0,3002	24,50	735,22	0,02984	
20,36	0,3012	27,04	736,09	0,02994	
20,38	0,3022	31,01	736,83	0,03010	
20,40	0,3032	32,52	737,62	0,03022	
20,42	0,3042	33,64	738,31	0,03018	
20,44	0,3052	36,40	739,11	0,03005	
20,46	0,3061	37,47	740,15	0,02998	
20,48	0,3069	38,28	740,98	0,02992	
20,50	0,3079	40,00	741,74	0,02996	
20,52	0,3089	40,41	742,53	0,03006	
20,54	0,3097	41,98	743,18	0,03012	
20,56	0,3106	44,33	744,06	0,03017	
20,58	0,3115	43,42	745,10	0,03019	
20,60	0,3122	44,12	745,82	0,03006	
20,62	0,3130	46,41	746,63	0,02990	
20,64	0,3140	45,52	747,53	0,02992	
20,66	0,3148	46,32	748,21	0,02994	
20,68	0,3157	48,27	749,09	0,02996	
20,70	0,3165	46,63	750,07	0,03004	
20,72	0,3173	46,30	750,77	0,03014	
20,74	0,3182	47,35	751,60	0,03012	
20,76	0,3192	46,43	752,38	0,02995	
20,78	0,3199	48,13	752,96	0,02986	
20,80	0,3207	49,58	754,01	0,02989	
20,82	0,3217	46,57	755,28	0,03005	
20,84	0,3225	47,11	755,96	0,03017	
20,86	0,3233	50,89	756,33	0,03023	
20,88	0,3241	49,81	757,18	0,03029	
20,90	0,3251	46,12	758,40	0,03021	
20,92	0,3257	48,80	759,16	0,03003	
20,94	0,3264	49,87	759,85	0,02999	
20,96	0,3273	46,70	760,61	0,03002	
20,98	0,3280	46,03	761,20	0,03007	
21,00	0,3288	47,74	762,13	0,03016	
21,02	0,3296	44,20	763,41	0,03026	
21,04	0,3302	41,24	764,23	0,03033	
21,06	0,3308	42,22	764,73	0,03021	
21,08	0,3315	40,48	765,49	0,03004	
21,10	0,3322	37,17	766,32	0,02996	
21,12	0,3329	38,47	766,90	0,02998	
21,14	0,3335	39,19	767,72	0,03007	
21,16	0,3343	34,93	769,03	0,03019	
21,18	0,3349	32,88	770,01	0,03030	
21,20	0,3355	34,42	770,60	0,03030	
21,22	0,3364	33,73	771,26	0,03019	
21,24	0,3372	32,19	771,94	0,03006	
21,26	0,3379	32,25	772,79	0,02996	
21,28	0,3387	30,93	773,73	0,02995	
21,30	0,3393	30,25	774,31	0,03006	
21,32	0,3400	30,89	775,15	0,03020	
21,34	0,3410	27,99	776,57	0,03028	
21,36	0,3417	25,62	777,51	0,03025	
21,38	0,3422	28,10	777,78	0,03012	
21,40	0,3429	28,73	778,35	0,03001	
21,42	0,3438	24,46	779,72	0,02994	
21,44	0,3447	23,91	780,86	0,02997	
21,46	0,3453	26,93	781,37	0,03001	
21,48	0,3460	25,98	781,91	0,03011	
21,50	0,3469	23,88	782,73	0,03018	
21,52	0,3477	25,25	783,47	0,03016	
21,54	0,3483	27,41	784,18	0,03006	
21,56	0,3491	24,73	785,23	0,03000	
21,58	0,3498	22,69	786,04	0,03001	
21,60	0,3503	25,74	786,51	0,03010	
21,62	0,3510	26,66	787,62	0,03018	
21,64	0,3518	22,82	789,07	0,03024	
21,66	0,3524	23,19	789,69	0,03028	
21,68	0,3530	27,04	789,76	0,03025	
21,70	0,3536	25,79	790,57	0,03013	
21,72	0,3545	20,87	792,24	0,03005	
21,74	0,3552	20,36	793,37	0,02999	
21,76	0,3557	24,13	793,43	0,03003	
21,78	0,3563	26,17	793,59	0,03018	
21,80	0,3570	24,46	794,91	0,03031	
21,82	0,3579	22,71	796,63	0,03031	
21,84	0,3585	25,51	797,31	0,03017	
21,86	0,3588	28,52	797,33	0,03005	
21,88	0,3594	25,41	798,22	0,02998	
21,90	0,3604	20,97	799,79	0,03002	
21,92	0,3610	23,87	800,52	0,03009	
21,94	0,3613	29,94	800,16	0,03022	
21,96	0,3617	33,19	799,68	0,03027	
21,98	0,3624	34,02	799,77	0,03026	
22,00	0,3629	39,77	799,80	0,03014	
22,02	0,3632	48,05	799,59	0,03005	
22,04	0,3636	48,43	799,71	0,03003	
22,06	0,3641	45,78	799,80	0,03007	
22,08	0,3644	50,88	799,59	0,03012	
22,10	0,3648	56,01	799,66	0,03015	
22,12	0,3652	55,88	799,81	0,03026	
22,14	0,3655	59,89	799,61	0,03025	
22,16	0,3659	64,75	799,61	0,03010	
22,18	0,3664	63,44	799,81	0,03000	
22,20	0,3666	65,74	799,67	0,03001	
22,22	0,3669	71,35	799,58	0,03006	
22,24	0,3674	70,80	799,78	0,03015	
22,26	0,3677	71,43	799,70	0,03023	
22,28	0,3679	76,97	799,53	0,03030	
22,30	0,3683	76,71	799,76	0,03024	
22,32	0,3686	74,42	799,84	0,03009	
22,34	0,3687	79,17	799,61	0,03004	
22,36	0,3690	81,64	799,68	0,03007	
22,38	0,3694	79,17	799,80	0,03018	
22,40	0,3696	82,60	799,60	0,03028	
22,42	0,3700	86,38	799,60	0,03028	
22,44	0,3703	83,97	799,78	0,03030	
22,46	0,3705	84,92	799,64	0,03021	
22,48	0,3707	89,01	799,54	0,03001	
22,50	0,3710	87,10	799,80	0,02995	
22,52	0,3713	86,41	799,82	0,03010	
22,54	0,3714	91,41	799,59	0,03027	
22,56	0,3716	91,32	799,71	0,03032	
22,58	0,3720	88,41	799,81	0,03027	
22,60	0,3721	92,56	799,60	0,03011	
22,62	0,3724	95,27	799,62	0,03001	
22,64	0,3728	92,31	799,77	0,02999	
22,66	0,3728	93,92	799,60	0,03006	
22,68	0,3730	97,72	799,58	0,03011	
22,70	0,3734	95,60	799,82	0,03015	
22,72	0,3736	95,62	799,74	0,03023	
22,74	0,3736	100,38	799,56	0,03026	
22,76	0,3741	99,48	799,78	0,03023	
22,78	0,3743	96,92	799,85	0,03014	
22,80	0,3743	100,65	799,61	0,03003	
22,82	0,3747	101,58	799,64	0,02997	
22,84	0,3749	97,82	799,79	0,03004	
22,86	0,3750	100,57	799,61	0,03014	
22,88	0,3753	103,88	799,61	0,03020	
22,90	0,3756	100,74	799,84	0,03022	
22,92	0,3756	100,80	799,73	0,03018	
22,94	0,3758	105,42	799,55	0,03004	
22,96	0,3762	103,67	799,73	0,02994	
22,98	0,3763	101,45	799,77	0,03001	
23,00	0,3762	105,29	799,56	0,03015	
23,02	0,3766	104,80	799,68	0,03017	
23,04	0,3769	101,47	799,81	0,03023	
23,06	0,3768	104,60	799,60	0,03031	
23,08	0,3770	107,41	799,60	0,03028	
23,10	0,3774	104,27	799,82	0,03013	
23,12	0,3775	104,86	799,69	0,03007	
23,14	0,3775	108,86	799,54	0,03009	
23,16	0,3780	106,34	799,71	0,03014	
23,18	0,3782	105,11	799,70	0,03026	
23,20	0,3781	109,92	799,52	0,03037	
23,22	0,3783	109,22	799,70	0,03032	
23,24	0,3787	105,33	799,84	0,03017	
23,26	0,3787	108,73	799,62	0,03001	
23,28	0,3789	111,55	799,60	0,02994	
23,30	0,3792	108,33	799,77	0,03008	
23,32	0,3794	109,26	799,62	0,03027	
23,34	0,3795	112,09	799,57	0,03033	
23,36	0,3797	109,29	799,84	0,03035	
23,38	0,3800	108,88	799,80	0,03029	
23,40	0,3801	113,09	799,57	0,03016	
23,42	0,3802	112,05	799,68	0,03004	
23,44	0,3803	108,77	799,75	0,03005	
23,46	0,3805	112,60	799,56	0,03007	
23,48	0,3808	113,94	799,64	0,03014	
23,50	0,3810	110,69	799,80	0,03026	
23,52	0,3809	112,40	799,61	0,03036	
23,54	0,3810	114,84	799,57	0,03029	
23,56	0,3815	111,66	799,82	0,03008	
23,58	0,3816	111,26	799,77	0,02999	
23,60	0,3815	115,59	799,57	0,02996	
23,62	0,3818	114,49	799,65	0,03003	
23,64	0,3821	112,51	799,64	0,03018	
23,66	0,3822	116,36	799,51	0,03031	
23,68	0,3823	115,73	799,73	0,03036	
23,70	0,3824	112,01	799,87	0,03032	
23,72	0,3825	114,82	799,63	0,03023	
23,74	0,3828	117,52	799,64	0,03007	
23,76	0,3830	114,10	799,90	0,02991	
23,78	0,3830	115,03	799,79	0,02996	
23,80	0,3829	119,36	799,56	0,03010	
23,82	0,3833	116,71	799,72	0,02984	
23,84	0,3836	114,21	799,77	0,02954	
23,86	0,3835	117,87	799,56	0,02917	
23,88	0,3836	117,99	799,65	0,02887	
23,90	0,3839	114,13	799,80	0,02829	
23,92	0,3841	116,33	799,62	0,02780	
23,94	0,3842	118,87	799,57	0,02737	
23,96	0,3844	115,59	799,82	0,02697	
23,98	0,3845	115,33	799,77	0,02659	
24,00	0,3847	119,42	799,55	0,02627	
24,02	0,3849	117,96	799,68	0,02585	
24,04	0,3850	115,29	799,72	0,02534	
24,06	0,3849	118,47	799,53	0,02509	
24,08	0,3850	118,77	799,67	0,02490	
24,10	0,3854	114,57	799,89	0,02476	
24,12	0,3855	116,30	799,70	0,02455	
24,14	0,3855	119,47	799,59	0,02421	
24,16	0,3857	116,33	799,80	0,02341	
24,18	0,3858	115,88	799,75	0,02211	
24,20	0,3860	121,13	799,56	0,02071	
24,22	0,3863	119,96	799,77	0,01924	
24,24	0,3864	116,48	799,89	0,01660	
24,26	0,3862	120,00	799,63	0,01435	
24,28	0,3863	121,03	799,63	0,01354	
24,30	0,3867	116,47	799,81	0,01335	
24,32	0,3869	117,25	799,66	0,01321	
24,34	0,3869	121,28	799,57	0,01308	
24,36	0,3871	118,95	799,82	0,01305	
24,38	0,3874	117,51	799,81	0,01305	
24,40	0,3875	121,57	799,58	0,01309	
24,42	0,3877	120,24	799,67	0,01322	
24,44	0,3877	116,65	799,72	0,01336	
24,46	0,3876	119,74	799,53	0,01334	
24,48	0,3878	120,62	799,64	0,01318	
24,50	0,3882	117,31	799,83	0,01299	
24,52	0,3883	119,08	799,64	0,01293	
24,54	0,3883	122,29	799,59	0,01300	
24,56	0,3884	119,56	799,84	0,01308	
24,58	0,3887	119,12	799,78	0,01322	
24,60	0,3888	122,86	799,57	0,01327	
24,62	0,3890	120,71	799,69	0,01313	
24,64	0,3890	117,44	799,70	0,01302	
24,66	0,3889	120,58	799,52	0,01289	
24,68	0,3892	120,97	799,67	0,01282	
24,70	0,3896	117,64	799,83	0,01294	
24,72	0,3896	120,39	799,63	0,01309	
24,74	0,3896	123,30	799,60	0,01318	
24,76	0,3898	120,14	799,81	0,01320	
24,78	0,3900	120,92	799,70	0,01307	
24,80	0,3902	124,84	799,57	0,01281	
24,82	0,3904	122,49	799,77	0,01279	
24,84	0,3904	120,07	799,76	0,01297	
24,86	0,3902	123,56	799,53	0,01307	
24,88	0,3905	122,72	799,70	0,01303	
24,90	0,3909	118,76	799,87	0,01304	
24,92	0,3909	121,20	799,65	0,01298	
24,94	0,3910	123,01	799,62	0,01281	
24,96	0,3911	119,45	799,83	0,01273	
24,98	0,3912	119,68	799,72	0,01278	
25,00	0,3914	123,33	799,55	0,01275	
25,02	0,3917	120,77	799,75	0,01272	
25,04	0,3918	118,17	799,77	0,01286	
25,06	0,3916	122,01	799,55	0,01288	
25,08	0,3917	121,89	799,67	0,01272	
25,10	0,3921	118,49	799,83	0,01270	
25,12	0,3922	121,03	799,63	0,01274	
25,14	0,3923	122,91	799,60	0,01265	
25,16	0,3924	119,24	799,81	0,01265	
25,18	0,3924	119,04	799,69	0,01280	
25,20	0,3925	122,80	799,56	0,01281	
25,22	0,3929	120,67	799,79	0,01275	
25,24	0,3931	118,37	799,81	0,01276	
25,26	0,3929	122,78	799,56	0,01269	
25,28	0,3930	122,75	799,66	0,01255	
25,30	0,3933	118,83	799,81	0,01261	
25,32	0,3935	121,17	799,61	0,01284	
25,34	0,3936	123,65	799,59	0,01281	
25,36	0,3938	119,95	799,85	0,01275	
25,38	0,3937	119,34	799,77	0,01282	
25,40	0,3936	123,65	799,57	0,01264	
25,42	0,3939	121,98	799,73	0,01241	
25,44	0,3943	119,21	799,77	0,01254	
25,46	0,3943	123,27	799,56	0,01270	
25,48	0,3944	124,04	799,67	0,01263	
25,50	0,3945	120,03	799,83	0,01276	
25,52	0,3945	121,83	799,63	0,01298	
25,54	0,3948	123,77	799,64	0,01290	
25,56	0,3951	120,42	799,87	0,01261	
25,58	0,3950	120,71	799,74	0,01252	
25,60	0,3949	124,61	799,59	0,01254	
25,62	0,3951	122,47	799,78	0,01246	
25,64	0,3954	120,74	799,75	0,01252	
25,66	0,3955	123,37	799,55	0,01277	
25,68	0,3957	121,54	799,70	0,01278	
25,70	0,3958	118,20	799,78	0,01250	
25,72	0,3956	121,71	799,58	0,01244	
25,74	0,3958	123,25	799,65	0,01246	
25,76	0,3961	119,81	799,83	0,01249	
25,78	0,3963	121,71	799,65	0,01260	
25,80	0,3963	124,50	799,58	0,01272	
25,82	0,3965	120,54	799,78	0,01270	
25,84	0,3966	119,51	799,70	0,01255	
25,86	0,3968	123,67	799,53	0,01245	
25,88	0,3971	121,95	799,76	0,01240	
25,90	0,3971	119,14	799,85	0,01240	
25,92	0,3970	123,24	799,59	0,01293	
25,94	0,3970	124,24	799,62	0,02026	
25,96	0,3973	119,47	799,84	0,04404	
25,98	0,3975	120,66	799,70	0,08042	
26,00	0,3976	124,50	799,54	0,09688	
26,02	0,3978	121,44	799,79	0,09913	
26,04	0,3978	118,92	799,86	0,09313	
26,06	0,3976	123,09	799,60	0,07068	
26,08	0,3978	123,91	799,64	0,04331	
26,10	0,3981	119,95	799,83	0,01499	
26,12	0,3983	121,72	799,67	0,00427	
26,14	0,3983	124,48	799,59	-0,00522	
26,16	0,3985	121,12	799,74	-0,00551	
26,18	0,3984	120,36	799,64	-0,00461	
26,20	0,3986	123,95	799,54	-0,00453	
26,22	0,3990	122,25	799,77	0,01061	
26,24	0,3991	120,14	799,77	0,03066	
26,26	0,3990	123,52	799,56	0,05364	
26,28	0,3991	122,97	799,69	0,06837	
26,30	0,3992	119,85	799,78	0,07273	
26,32	0,3993	123,35	799,58	0,07281	
26,34	0,3996	124,99	799,63	0,07282	
26,36	0,3998	121,21	799,82	0,07357	
26,38	0,3997	122,27	799,66	0,07460	
26,40	0,3997	125,43	799,57	0,07466	
26,42	0,3998	122,58	799,76	0,07435	
26,44	0,4001	120,93	799,70	0,07389	
26,46	0,4002	124,92	799,52	0,07367	
26,48	0,4004	123,47	799,77	0,07330	
26,50	0,4005	119,80	799,92	0,07288	
26,52	0,4003	123,18	799,66	0,07240	
26,54	0,4004	124,56	799,58	0,07169	
26,56	0,4007	120,38	799,70	0,07147	
26,58	0,4009	121,53	799,58	0,07123	
26,60	0,4010	124,66	799,57	0,07094	
26,62	0,4011	121,98	799,84	0,07067	
26,64	0,4011	120,44	799,80	0,07094	
26,66	0,4010	124,21	799,57	0,07141	
26,68	0,4011	123,38	799,73	0,07207	
26,70	0,4015	120,52	799,83	0,07356	
26,72	0,4016	123,95	799,61	0,07454	
26,74	0,4017	125,23	799,66	0,07482	
26,76	0,4018	121,30	799,84	0,07490	
26,78	0,4017	122,41	799,66	0,07460	
26,80	0,4017	125,00	799,60	0,07436	
26,82	0,4020	122,01	799,82	0,07434	
26,84	0,4022	121,35	799,73	0,07448	
26,86	0,4023	125,33	799,55	0,07398	
26,88	0,4025	123,18	799,74	0,07316	
26,90	0,4025	120,21	799,77	0,07238	
26,92	0,4023	123,69	799,57	0,07144	
26,94	0,4025	124,46	799,70	0,07070	
26,96	0,4028	120,92	799,83	0,07058	
26,98	0,4029	122,94	799,61	0,07076	
27,00	0,4030	124,63	799,68	0,07083	
27,02	0,4032	120,94	799,93	0,07148	
27,04	0,4031	121,37	799,79	0,07260	
27,06	0,4030	125,11	799,58	0,07344	
27,08	0,4033	122,76	799,73	0,07402	
27,10	0,4036	121,07	799,71	0,07460	
27,12	0,4036	125,05	799,54	0,07493	
27,14	0,4038	123,99	799,72	0,07497	
27,16	0,4038	120,84	799,79	0,07519	
27,18	0,4037	123,88	799,57	0,07550	
27,20	0,4039	124,61	799,65	0,07495	
27,22	0,4043	120,93	799,84	0,07419	
27,24	0,4044	122,80	799,66	0,07378	
27,26	0,4044	125,63	799,59	0,07317	
27,28	0,4045	122,31	799,81	0,07267	
27,30	0,4045	121,36	799,73	0,07248	
27,32	0,4044	125,33	799,57	0,07268	
27,34	0,4047	123,32	799,76	0,07265	
27,36	0,4050	120,38	799,78	0,07282	
27,38	0,4050	123,52	799,57	0,07351	
27,40	0,4051	122,83	799,71	0,07398	
27,42	0,4052	118,77	799,86	0,07437	
27,44	0,4051	121,25	799,64	0,07514	
27,46	0,4052	123,79	799,59	0,07612	
27,48	0,4057	120,07	799,82	0,07666	
27,50	0,4058	120,21	799,73	0,07702	
27,52	0,4057	123,92	799,57	0,07718	
27,54	0,4058	121,31	799,75	0,07709	
27,56	0,4059	118,41	799,76	0,07650	
27,58	0,4060	122,61	799,55	0,07609	
27,60	0,4064	122,71	799,70	0,07594	
27,62	0,4066	118,91	799,87	0,07552	
27,64	0,4064	121,11	799,65	0,07523	
27,66	0,4064	123,05	799,62	0,07495	
27,68	0,4065	119,62	799,83	0,07465	
27,70	0,4066	120,54	799,71	0,07439	
27,72	0,4068	124,77	799,58	0,07425	
27,74	0,4071	122,17	799,79	0,07440	
27,76	0,4072	120,03	799,76	0,07476	
27,78	0,4070	123,50	799,57	0,07527	
27,80	0,4071	122,36	799,74	0,07592	
27,82	0,4072	119,44	799,79	0,07668	
27,84	0,4074	123,01	799,57	0,07739	
27,86	0,4077	124,09	799,66	0,07790	
27,88	0,4079	120,17	799,82	0,07813	
27,90	0,4078	121,57	799,62	0,07816	
27,92	0,4078	123,14	799,59	0,07804	
27,94	0,4079	119,35	799,80	0,07777	
27,96	0,4081	119,12	799,69	0,07735	
27,98	0,4083	123,61	799,56	0,07717	
28,00	0,4085	121,51	799,77	0,07705	
28,02	0,4085	119,11	799,78	0,07665	
28,04	0,4084	123,30	799,56	0,07650	
28,06	0,4085	123,03	799,68	0,07646	
28,08	0,4087	118,93	799,80	0,07673	
28,10	0,4089	121,61	799,59	0,07709	
28,12	0,4091	123,66	799,61	0,07741	
28,14	0,4092	119,94	799,78	0,07750	
28,16	0,4091	120,66	799,62	0,07745	
28,18	0,4091	123,88	799,58	0,07737	
28,20	0,4093	120,53	799,90	0,07721	
28,22	0,4095	119,05	799,89	0,07726	
28,24	0,4096	123,11	799,61	0,07722	
28,26	0,4098	122,50	799,70	0,07723	
28,28	0,4099	118,70	799,80	0,07727	
28,30	0,4097	121,09	799,60	0,07731	
28,32	0,4098	122,72	799,64	0,07736	
28,34	0,4101	118,91	799,82	0,07730	
28,36	0,4102	119,91	799,65	0,07722	
28,38	0,4104	122,93	799,58	0,07710	
28,40	0,4106	119,72	799,85	0,07710	
28,42	0,4105	118,21	799,82	0,07718	
28,44	0,4104	122,39	799,58	0,07731	
28,46	0,4106	121,61	799,70	0,07728	
28,48	0,4110	118,15	799,80	0,07716	
28,50	0,4110	120,88	799,59	0,07704	
28,52	0,4111	122,07	799,63	0,07694	
28,54	0,4112	118,15	799,78	0,07696	
28,56	0,4111	119,86	799,60	0,07700	
28,58	0,4111	123,66	799,58	0,07707	
28,60	0,4115	120,56	799,86	0,07713	
28,62	0,4117	119,24	799,80	0,07721	
28,64	0,4117	122,81	799,57	0,07707	
28,66	0,4118	121,06	799,69	0,07688	
28,68	0,4119	118,31	799,75	0,07685	
28,70	0,4118	121,97	799,56	0,07683	
28,72	0,4121	122,17	799,67	0,07686	
28,74	0,4125	118,70	799,83	0,07692	
28,76	0,4124	121,10	799,64	0,07703	
28,78	0,4124	123,17	799,60	0,07707	
28,80	0,4126	119,68	799,81	0,07698	
28,82	0,4127	119,88	799,71	0,07685	
28,84	0,4129	124,12	799,56	0,07676	
28,86	0,4132	121,68	799,77	0,07672	
28,88	0,4132	119,04	799,79	0,07682	
28,90	0,4131	123,19	799,57	0,07693	
28,92	0,4132	123,03	799,71	0,07691	
28,94	0,4133	119,01	799,85	0,07684	
28,96	0,4134	121,92	799,62	0,07675	
28,98	0,4137	124,63	799,61	0,07661	
29,00	0,4139	120,47	799,87	0,07655	
29,02	0,4139	120,26	799,78	0,07664	
29,04	0,4138	124,01	799,60	0,07672	
29,06	0,4139	121,44	799,77	0,07670	
29,08	0,4141	118,95	799,78	0,07679	
29,10	0,4142	123,16	799,57	0,07680	
29,12	0,4145	123,19	799,65	0,07673	
29,14	0,4146	119,95	799,70	0,07664	
29,16	0,4144	122,80	799,52	0,07660	
29,18	0,4145	124,00	799,66	0,07653	
29,20	0,4146	120,63	799,87	0,07656	
29,22	0,4147	121,90	799,68	0,07674	
29,24	0,4149	124,50	799,60	0,07680	
29,26	0,4152	121,40	799,79	0,07676	
29,28	0,4152	121,44	799,71	0,07666	
29,30	0,4151	124,98	799,54	0,07651	
29,32	0,4152	122,72	799,71	0,07636	
29,34	0,4153	120,06	799,75	0,07641	
29,36	0,4154	123,38	799,56	0,07646	
29,38	0,4158	123,72	799,69	0,07647	
29,40	0,4159	121,29	799,78	0,07650	
29,42	0,4158	124,35	799,58	0,07654	
29,44	0,4158	126,11	799,65	0,07642	
29,46	0,4160	122,24	799,86	0,07622	
29,48	0,4159	123,21	799,69	0,07619	
29,50	0,4161	126,38	799,59	0,07626	
29,52	0,4165	123,26	799,81	0,07639	
29,54	0,4166	121,63	799,75	0,07654	
29,56	0,4165	125,67	799,55	0,07663	
29,58	0,4166	124,31	799,76	0,07646	
29,60	0,4166	120,75	799,89	0,07626	
29,62	0,4166	123,91	799,65	0,07619	
29,64	0,4169	125,53	799,64	0,07607	
29,66	0,4172	121,55	799,81	0,07609	
29,68	0,4172	122,76	799,65	0,07625	
29,70	0,4172	125,58	799,58	0,07636	
29,72	0,4173	122,42	799,80	0,07633	
29,74	0,4172	121,33	799,72	0,07628	
29,76	0,4173	125,27	799,57	0,07615	
29,78	0,4177	123,46	799,76	0,07604	
29,80	0,4179	120,99	799,76	0,07607	
29,82	0,4178	124,12	799,56	0,07616	
29,84	0,4179	123,39	799,74	0,07632	
29,86	0,4180	120,02	799,85	0,07640	
29,88	0,4180	123,28	799,61	0,07639	
29,90	0,4183	125,22	799,64	0,07627	
29,92	0,4186	121,47	799,81	0,07609	
29,94	0,4185	122,27	799,63	0,07599	
29,96	0,4185	124,65	799,58	0,07600	
29,98	0,4186	121,32	799,81	0,07607	
30,00	0,4187	120,81	799,72	0,07615	
30,02	0,4189	124,71	799,54	0,07613	
30,04	0,4192	122,81	799,73	0,07602	
30,06	0,4193	120,81	799,77	0,07588	
30,08	0,4191	125,08	799,56	0,07577	
30,10	0,4192	125,47	799,67	0,07574	
30,12	0,4194	121,97	799,81	0,07586	
30,14	0,4195	124,27	799,60	0,07598	
30,16	0,4197	126,19	799,59	0,07601	
30,18	0,4200	122,10	799,83	0,07600	
30,20	0,4199	121,64	799,72	0,07594	
30,22	0,4198	125,02	799,57	0,07577	
30,24	0,4199	122,79	799,74	0,07566	
30,26	0,4200	120,87	799,72	0,07574	
30,28	0,4201	124,73	799,53	0,07576	
30,30	0,4205	123,83	799,71	0,07573	
30,32	0,4206	120,02	799,84	0,07577	
30,34	0,4205	122,79	799,61	0,07587	
30,36	0,4205	124,32	799,62	0,07588	
30,38	0,4206	120,04	799,85	0,07568	
30,40	0,4207	120,26	799,74	0,07561	
30,42	0,4209	124,65	799,56	0,07559	
30,44	0,4212	122,25	799,75	0,07564	
30,46	0,4213	119,83	799,75	0,07574	
30,48	0,4212	123,70	799,55	0,07579	
30,50	0,4212	123,23	799,72	0,07573	
30,52	0,4214	118,94	799,86	0,07565	
30,54	0,4215	120,92	799,63	0,07556	
30,56	0,4218	123,01	799,60	0,07550	
30,58	0,4220	119,69	799,81	0,07548	
30,60	0,4219	120,32	799,70	0,07559	
30,62	0,4218	123,84	799,56	0,07565	
30,64	0,4219	120,67	799,75	0,07567	
30,66	0,4221	119,07	799,74	0,07569	
30,68	0,4223	123,26	799,55	0,07569	
30,70	0,4226	122,34	799,72	0,07557	
30,72	0,4226	118,43	799,80	0,07543	
30,74	0,4225	121,38	799,57	0,07541	
30,76	0,4225	123,41	799,63	0,07546	
30,78	0,4227	119,39	799,86	0,07554	
30,80	0,4229	120,66	799,71	0,07565	
30,82	0,4231	124,25	799,58	0,07567	
30,84	0,4233	120,78	799,77	0,07559	
30,86	0,4233	119,22	799,72	0,07542	
30,88	0,4232	123,96	799,55	0,07526	
30,90	0,4233	122,84	799,80	0,07524	
30,92	0,4235	119,32	799,91	0,07536	
30,94	0,4236	122,82	799,64	0,07545	
30,96	0,4239	124,27	799,63	0,07544	
30,98	0,4240	119,58	799,84	0,07542	
31,00	0,4239	120,38	799,69	0,07541	
31,02	0,4239	123,43	799,57	0,07536	
31,04	0,4241	120,23	799,81	0,07519	
31,06	0,4245	119,00	799,80	0,07515	
31,08	0,4245	124,20	799,59	0,07522	
31,10	0,4247	123,94	799,75	0,07526	
31,12	0,4247	120,65	799,85	0,07534	
31,14	0,4246	123,75	799,61	0,07539	
31,16	0,4246	125,51	799,64	0,07538	
31,18	0,4249	121,50	799,88	0,07524	
31,20	0,4251	121,97	799,75	0,07503	
31,22	0,4252	125,52	799,59	0,07496	
31,24	0,4253	122,39	799,78	0,07505	
31,26	0,4253	120,01	799,77	0,07515	
31,28	0,4252	124,39	799,57	0,07529	
31,30	0,4254	123,94	799,72	0,07537	
31,32	0,4257	120,18	799,81	0,07530	
31,34	0,4258	122,85	799,59	0,07514	
31,36	0,4259	124,32	799,63	0,07500	
31,38	0,4260	120,85	799,81	0,07503	
31,40	0,4259	121,86	799,65	0,07514	
31,42	0,4259	124,44	799,60	0,07516	
31,44	0,4262	121,47	799,81	0,07515	
31,46	0,4264	121,39	799,71	0,07516	
31,48	0,4265	124,94	799,55	0,07509	
31,50	0,4267	122,70	799,76	0,07502	
31,52	0,4267	120,34	799,82	0,07493	
31,54	0,4266	123,82	799,58	0,07493	
31,56	0,4268	123,90	799,64	0,07490	
31,58	0,4272	119,62	799,81	0,07495	
31,60	0,4272	121,78	799,63	0,07507	
31,62	0,4272	125,18	799,59	0,07510	
31,64	0,4274	121,87	799,82	0,07495	
31,66	0,4273	121,35	799,75	0,07477	
31,68	0,4272	124,95	799,56	0,07475	
31,70	0,4276	122,88	799,73	0,07475	
31,72	0,4279	120,45	799,76	0,07479	
31,74	0,4279	123,88	799,54	0,07490	
31,76	0,4280	123,30	799,71	0,07498	
31,78	0,4281	118,84	799,94	0,07501	
31,80	0,4280	120,81	799,74	0,07492	
31,82	0,4281	124,41	799,59	0,07475	
31,84	0,4285	121,06	799,76	0,07463	
31,86	0,4286	120,57	799,69	0,07467	
31,88	0,4285	124,61	799,54	0,07477	
31,90	0,4287	122,51	799,75	0,07483	
31,92	0,4287	118,98	799,82	0,07484	
31,94	0,4286	122,41	799,60	0,07485	
31,96	0,4289	123,49	799,66	0,07472	
31,98	0,4293	120,62	799,74	0,07461	
32,00	0,4292	123,02	799,56	0,07459	
32,02	0,4293	124,17	799,66	0,07458	
32,04	0,4294	120,70	799,84	0,07474	
32,06	0,4293	121,81	799,65	0,07490	
32,08	0,4294	124,53	799,57	0,07485	
32,10	0,4298	121,55	799,77	0,07480	
32,12	0,4300	121,33	799,68	0,07468	
32,14	0,4299	124,95	799,56	0,07454	
32,16	0,4300	122,80	799,81	0,07451	
32,18	0,4301	120,41	799,86	0,07460	
32,20	0,4304	123,80	799,61	0,07466	
32,22	0,4439	123,95	799,68	0,07467	
32,24	0,4708	120,67	799,75	0,07469	
32,26	0,4869	123,07	799,55	0,07469	
32,28	0,4909	124,35	799,64	0,07454	
32,30	0,4908	120,66	799,88	0,07436	
32,32	0,4904	121,02	799,72	0,07432	
32,34	0,4903	124,01	799,58	0,07439	
32,36	0,4905	120,84	799,79	0,07450	
32,38	0,4907	119,83	799,75	0,07459	
32,40	0,4909	124,44	799,54	0,07464	
32,42	0,4912	123,28	799,72	0,07460	
32,44	0,4913	119,91	799,84	0,07431	
32,46	0,4911	123,53	799,61	0,07377	
32,48	0,4913	127,86	799,63	0,07306	
32,50	0,4921	130,01	799,88	0,07225	
32,52	0,4934	141,73	799,76	0,07122	
32,54	0,4953	162,11	799,61	0,06983	
32,56	0,4982	182,34	799,78	0,06810	
32,58	0,5018	209,98	799,74	0,06609	
32,60	0,5060	249,05	799,55	0,06366	
32,62	0,5113	287,65	799,76	0,06099	
32,64	0,5171	328,02	799,84	0,05810	
32,66	0,5237	377,28	799,60	0,05480	
32,68	0,5312	426,85	799,68	0,05097	
32,70	0,5396	473,14	799,85	0,04670	
32,72	0,5487	524,93	799,65	0,04198	
32,74	0,5586	576,62	799,61	0,03665	
32,76	0,5695	619,78	799,80	0,03085	
32,78	0,5811	662,25	799,68	0,02462	
32,80	0,5933	704,28	799,57	0,01779	
32,82	0,6064	736,60	799,82	0,01053	
32,84	0,6203	765,72	799,81	0,00289	
32,86	0,6351	796,75	799,62	-0,00524	
32,88	0,6508	819,92	799,70	-0,01396	
32,90	0,6670	838,16	799,66	-0,02340	
32,92	0,6839	859,53	799,54	-0,03352	
32,94	0,7020	874,17	799,81	-0,04404	
32,96	0,7209	884,39	799,91	-0,05495	
32,98	0,7402	899,70	799,65	-0,06644	
33,00	0,7605	911,86	799,66	-0,07853	
33,02	0,7817	918,03	799,75	-0,09115	
33,04	0,8034	928,81	799,56	-0,1044	
33,06	0,8262	938,20	799,64	-0,1182	
33,08	0,8499	941,21	799,88	-0,1325	
33,10	0,8742	947,57	799,74	-0,1473	
33,12	0,8993	956,74	799,57	-0,1625	
33,14	0,9254	959,60	799,78	-0,1782	
33,16	0,9521	963,22	799,80	-0,1943	
33,18	0,9794	973,01	799,57	-0,2111	
33,20	1,008	977,36	799,70	-0,2284	
33,22	1,037	977,85	799,86	-0,2461	
33,24	1,067	985,19	799,66	-0,2642	
33,26	1,098	992,08	799,61	-0,2827	
33,28	1,129	992,60	799,83	-0,3016	
33,30	1,162	997,02	799,73	-0,3208	
33,32	1,194	1005,8	799,59	-0,3406	
33,34	1,228	1007,3	799,82	-0,3609	
33,36	1,263	1008,7	799,86	-0,3817	
33,38	1,299	1017,1	799,63	-0,4030	
33,40	1,335	1021,0	799,74	-0,4246	
33,42	1,372	1020,9	799,87	-0,4462	
33,44	1,410	1027,3	799,66	-0,4681	
33,46	1,449	1032,2	799,64	-0,4901	
33,48	1,488	1031,4	799,80	-0,5121	
33,50	1,528	1034,9	799,65	-0,5343	
33,52	1,568	1040,3	799,60	-0,5564	
33,54	1,608	1039,7	799,85	-0,5784	
33,56	1,648	1040,2	799,81	-0,6004	
33,58	1,688	1045,4	799,58	-0,6223	
33,60	1,728	1045,6	799,73	-0,6442	
33,62	1,768	1044,0	799,83	-0,6660	
33,64	1,808	1049,0	799,61	-0,6879	
33,66	1,848	1051,3	799,68	-0,7099	
33,68	1,888	1048,5	799,87	-0,7317	
33,70	1,928	1050,9	799,69	-0,7534	
33,72	1,967	1054,6	799,60	-0,7751	
33,74	2,008	1051,9	799,86	-0,7968	
33,76	2,048	1052,1	799,85	-0,8185	
33,78	2,088	1057,5	799,61	-0,8402	
33,80	2,128	1056,5	799,75	-0,8620	
33,82	2,168	1053,7	799,87	-0,8837	
33,84	2,208	1057,7	799,64	-0,9054	
33,86	2,248	1060,4	799,65	-0,9270	
33,88	2,288	1057,5	799,85	-0,9486	
33,90	2,328	1059,0	799,70	-0,9701	
33,92	2,367	1062,9	799,59	-0,9916	
33,94	2,408	1060,5	799,82	-1,013	
33,96	2,448	1059,3	799,79	-1,035	
33,98	2,487	1064,2	799,59	-1,056	
34,00	2,528	1063,6	799,86	-1,078	
34,02	2,568	1060,4	800,07	-1,099	
34,04	2,608	1063,6	799,80	-1,121	
34,06	2,647	1066,5	799,69	-1,142	
34,08	2,688	1062,8	799,91	-1,163	
34,10	2,728	1063,0	799,83	-1,185	
34,12	2,768	1067,1	799,66	-1,206	
34,14	2,808	1064,7	799,89	-1,228	
34,16	2,848	1062,1	799,93	-1,249	
34,18	2,888	1065,6	799,66	-1,270	
34,20	2,928	1066,1	799,76	-1,292	
34,22	2,968	1063,2	799,94	-1,313	
34,24	3,008	1066,0	799,73	-1,334	
34,26	3,048	1068,7	799,67	-1,356	
34,28	3,088	1065,2	799,95	-1,377	
34,30	3,128	1064,7	799,87	-1,398	
34,32	3,168	1068,6	799,65	-1,420	
34,34	3,208	1066,7	799,82	-1,441	
34,36	3,248	1064,4	799,86	-1,462	
34,38	3,288	1068,3	799,65	-1,483	
34,40	3,328	1067,9	799,78	-1,505	
34,42	3,368	1064,4	799,91	-1,526	
34,44	3,408	1067,1	799,67	-1,547	
34,46	3,448	1069,2	799,66	-1,568	
34,48	3,488	1065,3	799,86	-1,589	
34,50	3,528	1066,0	799,70	-1,611	
34,52	3,568	1068,9	799,66	-1,632	
34,54	3,608	1065,4	800,00	-1,653	
34,56	3,648	1063,9	799,98	-1,674	
34,58	3,687	1068,7	799,68	-1,695	
34,60	3,728	1068,0	799,83	-1,716	
34,62	3,768	1063,6	800,03	-1,737	
34,64	3,808	1065,7	799,78	-1,758	
34,66	3,848	1067,3	799,67	-1,779	
34,68	3,888	1063,0	799,83	-1,800	
34,70	3,928	1063,1	799,70	-1,822	
34,72	3,968	1066,2	799,67	-1,843	
34,74	4,008	1063,0	800,01	-1,864	
34,76	4,048	1061,0	800,00	-1,884	
34,78	4,088	1065,1	799,70	-1,905	
34,80	4,128	1064,6	799,92	-1,926	
34,82	4,168	1061,0	800,15	-1,947	
34,84	4,208	1063,4	799,88	-1,968	
34,86	4,248	1065,6	799,79	-1,989	
34,88	4,288	1060,6	800,18	-2,010	
34,90	4,328	1058,8	800,19	-2,031	
34,92	4,368	1063,0	799,79	-2,052	
34,94	4,408	1062,2	799,92	-2,073	
34,96	4,448	1057,4	800,27	-2,094	
34,98	4,488	1058,4	800,08	-2,115	
35,00	4,527	1061,7	799,73	-2,135	
35,02	4,568	1058,4	800,12	-2,156	
35,04	4,608	1055,0	800,46	-2,177	
35,06	4,648	1057,1	800,16	-2,198	
35,08	4,687	1059,3	799,79	-2,218	
35,10	4,728	1055,2	800,16	-2,239	
35,12	4,768	1052,9	800,44	-2,260	
35,14	4,807	1055,9	800,10	-2,281	
35,16	4,847	1057,5	799,78	-2,301	
35,18	4,888	1052,4	800,25	-2,322	
35,20	4,928	1050,2	800,56	-2,342	
35,22	4,968	1052,9	800,20	-2,363	
35,24	5,007	1054,6	799,76	-2,384	
35,26	5,047	1050,7	800,18	-2,404	
35,28	5,088	1048,0	800,61	-2,425	
35,30	5,128	1049,8	800,34	-2,446	
35,32	5,167	1051,4	799,83	-2,466	
35,34	5,207	1047,9	800,17	-2,487	
35,36	5,248	1044,4	800,69	-2,507	
35,38	5,288	1046,5	800,52	-2,528	
35,40	5,328	1048,5	799,92	-2,548	
35,42	5,367	1046,7	800,02	-2,569	
35,44	5,408	1042,1	800,86	-2,589	
35,46	5,448	1042,1	801,07	-2,609	
35,48	5,488	1043,3	800,56	-2,630	
35,50	5,527	1043,5	799,89	-2,650	
35,52	5,568	1041,0	800,09	-2,671	
35,54	5,608	1039,1	800,75	-2,691	
35,56	5,648	1039,3	800,75	-2,711	
35,58	5,687	1040,2	800,16	-2,732	
35,60	5,727	1040,3	799,87	-2,752	
35,62	5,768	1036,4	800,48	-2,772	
35,64	5,808	1035,4	800,81	-2,792	
35,66	5,848	1036,7	800,40	-2,812	
35,68	5,887	1037,8	799,82	-2,832	
35,70	5,927	1034,9	800,24	-2,852	
35,72	5,967	1031,8	801,02	-2,873	
35,74	6,008	1032,2	801,01	-2,893	
35,76	6,047	1033,0	800,38	-2,913	
35,78	6,087	1032,8	799,80	-2,933	
35,80	6,128	1030,8	800,30	-2,953	
35,82	6,168	1029,7	801,01	-2,972	
35,84	6,208	1029,1	800,91	-2,992	
35,86	6,248	1027,9	800,25	-3,012	
35,88	6,287	1027,5	799,82	-3,032	
35,90	6,327	1025,9	800,48	-3,052	
35,92	6,368	1025,5	801,07	-3,071	
35,94	6,408	1025,0	800,82	-3,091	
35,96	6,447	1024,3	800,13	-3,111	
35,98	6,487	1023,9	799,87	-3,130	
36,00	6,528	1021,7	800,62	-3,150	
36,02	6,568	1021,1	801,03	-3,170	
36,04	6,608	1020,7	800,65	-3,189	
36,06	6,647	1020,8	799,96	-3,209	
36,08	6,688	1019,9	800,01	-3,228	
36,10	6,728	1017,5	800,74	-3,248	
36,12	6,768	1016,4	800,88	-3,267	
36,14	6,808	1016,4	800,34	-3,286	
36,16	6,847	1017,1	799,81	-3,306	
36,18	6,888	1014,2	800,37	-3,325	
36,20	6,928	1011,8	801,06	-3,344	
36,22	6,968	1012,0	800,92	-3,363	
36,24	7,008	1011,6	800,25	-3,382	
36,26	7,047	1011,0	799,82	-3,401	
36,28	7,087	1009,1	800,45	-3,420	
36,30	7,128	1008,6	800,99	-3,439	
36,32	7,168	1008,0	800,72	-3,458	
36,34	7,207	1007,5	800,03	-3,478	
36,36	7,247	1006,2	799,97	-3,496	
36,38	7,288	1002,5	800,93	-3,515	
36,40	7,328	1001,6	801,37	-3,534	
36,42	7,368	1001,2	800,96	-3,552	
36,44	7,407	1000,5	800,21	-3,571	
36,46	7,447	1000,3	799,84	-3,589	
36,48	7,487	998,99	800,56	-3,608	
36,50	7,527	997,31	801,11	-3,626	
36,52	7,567	996,39	800,82	-3,644	
36,54	7,607	995,31	800,11	-3,663	
36,56	7,647	994,24	799,90	-3,681	
36,58	7,687	992,19	800,74	-3,699	
36,60	7,728	991,30	801,22	-3,717	
36,62	7,767	990,47	800,86	-3,735	
36,64	7,807	989,99	800,13	-3,753	
36,66	7,847	989,35	799,87	-3,771	
36,68	7,887	987,71	800,80	-3,789	
36,70	7,927	985,93	801,43	-3,806	
36,72	7,967	984,15	801,14	-3,824	
36,74	8,007	983,30	800,40	-3,842	
36,76	8,047	983,71	799,82	-3,859	
36,78	8,087	983,35	800,42	-3,877	
36,80	8,128	981,21	801,27	-3,894	
36,82	8,167	979,14	801,23	-3,911	
36,84	8,207	977,35	800,58	-3,928	
36,86	8,247	977,17	799,88	-3,945	
36,88	8,287	977,07	800,16	-3,963	
36,90	8,327	975,31	801,04	-3,979	
36,92	8,367	973,58	801,19	-3,996	
36,94	8,407	972,81	800,62	-4,013	
36,96	8,447	972,16	799,90	-4,030	
36,98	8,487	971,26	800,08	-4,046	
37,00	8,527	969,48	800,98	-4,063	
37,02	8,567	967,48	801,20	-4,079	
37,04	8,607	966,46	800,67	-4,096	
37,06	8,647	966,11	799,94	-4,112	
37,08	8,687	965,13	800,10	-4,128	
37,10	8,727	963,31	801,17	-4,144	
37,12	8,767	961,23	801,54	-4,160	
37,14	8,807	959,68	801,06	-4,176	
37,16	8,847	958,12	800,28	-4,191	
37,18	8,887	958,27	799,81	-4,207	
37,20	8,927	957,74	800,48	-4,223	
37,22	8,967	954,90	801,13	-4,238	
37,24	9,007	952,94	800,93	-4,254	
37,26	9,047	951,99	800,23	-4,269	
37,28	9,087	951,05	799,85	-4,284	
37,30	9,127	948,08	800,72	-4,299	
37,32	9,167	946,08	801,46	-4,313	
37,34	9,207	945,11	801,24	-4,328	
37,36	9,247	943,75	800,53	-4,343	
37,38	9,287	943,68	799,86	-4,357	
37,40	9,327	943,40	800,24	-4,372	
37,42	9,367	941,25	801,01	-4,386	
37,44	9,407	938,92	801,00	-4,400	
37,46	9,447	937,02	800,38	-4,413	
37,48	9,487	936,76	799,83	-4,427	
37,50	9,527	934,65	800,45	-4,441	
37,52	9,567	932,54	801,21	-4,454	
37,54	9,607	930,89	801,11	-4,468	
37,56	9,647	929,62	800,44	-4,481	
37,58	9,687	928,68	799,84	-4,494	
37,60	9,727	926,54	800,39	-4,507	
37,62	9,767	924,10	801,23	-4,520	
37,64	9,807	922,10	801,20	-4,532	
37,66	9,847	919,45	800,56	-4,542	
37,68	9,887	913,64	799,88	-4,547	
37,70	9,926	898,27	800,20	-4,550	
37,72	9,958	871,55	801,18	-4,551	
37,74	9,976	836,56	801,40	-4,552	
37,76	9,984	795,83	800,85	-4,552	
37,78	9,988	754,76	800,09	-4,552	
37,80	9,989	719,08	799,90	-4,553	
37,82	9,990	687,14	800,89	-4,553	
37,84	9,991	658,68	801,52	-4,553	
37,86	9,991	634,28	801,22	-4,553	
37,88	9,991	613,64	800,48	-4,553	
37,90	9,991	596,76	799,84	-4,553	
37,92	9,991	581,92	800,29	-4,553	
37,94	9,991	566,99	801,05	-4,554	
37,96	9,991	552,98	801,02	-4,554	
37,98	9,991	540,71	800,39	-4,554	
38,00	9,991	530,02	799,83	-4,554	
38,02	9,991	518,63	800,51	-4,554	
38,04	9,991	508,00	801,41	-4,554	
38,06	9,991	498,91	801,39	-4,554	
38,08	9,991	490,17	800,73	-4,554	
38,10	9,991	481,69	799,97	-4,554	
38,12	9,991	474,93	800,11	-4,554	
38,14	9,991	467,61	801,23	-4,555	
38,16	9,991	459,56	801,67	-4,555	
38,18	9,991	452,20	801,21	-4,555	
38,20	9,991	445,43	800,44	-4,555	
38,22	9,991	440,55	799,83	-4,555	
38,24	9,991	436,75	800,33	-4,555	
38,26	9,991	431,93	801,11	-4,555	
38,28	9,991	429,26	801,07	-4,555	
38,30	9,991	428,73	800,42	-4,555	
38,32	9,991	429,62	799,83	-4,555	
38,34	9,991	429,10	800,43	-4,555	
38,36	9,991	428,48	801,28	-4,555	
38,38	9,991	428,56	801,24	-4,555	
38,40	9,991	428,73	800,58	-4,555	
38,42	9,991	429,52	799,89	-4,555	
38,44	9,991	429,29	800,22	-4,556	
38,46	9,991	428,52	801,12	-4,556	
38,48	9,991	428,56	801,25	-4,556	
38,50	9,991	428,79	800,67	-4,555	
38,52	9,991	429,34	799,93	-4,555	
38,54	9,991	429,10	799,79	-4,556	
38,56	9,991	428,63	800,11	-4,556	
38,58	9,991	428,69	799,94	-4,556	
38,60	9,991	428,87	799,29	-4,556	
38,62	9,991	428,97	798,53	-4,556	
38,64	9,991	428,98	797,76	-4,556	
38,66	9,991	428,98	797,00	-4,556	
38,68	9,991	428,95	796,24	-4,556	
38,70	9,991	428,91	795,49	-4,556	
38,72	9,991	428,87	794,74	-4,556	
38,74	9,991	418,70	793,99	-4,556	
38,76	9,991	394,51	793,27	-4,556	
38,78	9,991	379,54	792,55	-4,556	
38,80	9,991	377,31	791,82	-4,556	
38,82	9,991	379,66	791,09	-4,556	
38,84	9,991	381,69	790,37	-4,556	
38,86	9,991	383,40	789,64	-4,556	
38,88	9,991	384,94	788,91	-4,556	
38,90	9,991	386,77	788,21	-4,556	
38,92	9,991	388,33	787,50	-4,556	
38,94	9,991	390,02	786,80	-4,556	
38,96	9,991	392,09	786,10	-4,556	
38,98	9,991	394,06	785,39	-4,556	
39,00	9,991	395,72	784,68	-4,556	
39,02	9,991	397,55	783,97	-4,556	
39,04	9,991	399,14	783,27	-4,556	
39,06	9,991	400,87	782,57	-4,556	
39,08	9,991	402,11	781,88	-4,556	
39,10	9,991	403,63	781,21	-4,556	
39,12	9,991	405,57	780,53	-4,556	
39,14	9,991	407,61	779,85	-4,556	
39,16	9,991	409,25	779,16	-4,556	
39,18	9,991	410,95	778,46	-4,556	
39,20	9,991	412,57	777,77	-4,556	
39,22	9,991	414,29	777,10	-4,556	
39,24	9,991	415,83	776,43	-4,556	
39,26	9,991	417,54	775,76	-4,556	
39,28	9,991	418,68	775,08	-4,556	
39,30	9,991	420,19	774,42	-4,556	
39,32	9,991	421,75	773,75	-4,556	
39,34	9,991	423,55	773,08	-4,556	
39,36	9,991	424,97	772,41	-4,556	
39,38	9,991	426,07	771,76	-4,556	
39,40	9,991	427,60	771,11	-4,556	
39,42	9,991	428,72	770,46	-4,556	
39,44	9,991	430,25	769,81	-4,556	
39,46	9,991	431,81	769,17	-4,556	
39,48	9,991	433,62	768,54	-4,556	
39,50	9,991	435,00	767,90	-4,556	
39,52	9,991	436,19	767,27	-4,556	
39,54	9,991	437,83	766,64	-4,556	
39,56	9,991	438,93	766,00	-4,556	
39,58	9,991	440,35	765,35	-4,556	
39,60	9,991	441,73	764,72	-4,556	
39,62	9,991	442,50	764,09	-4,556	
39,64	9,991	443,87	763,47	-4,557	
39,66	9,991	445,23	762,84	-4,556	
39,68	9,991	445,88	762,22	-4,556	
39,70	9,991	447,18	761,61	-4,556	
39,72	9,991	448,57	761,01	-4,557	
39,74	9,991	449,10	760,41	-4,557	
39,76	9,991	449,76	759,80	-4,557	
39,78	9,991	451,27	759,20	-4,557	
39,80	9,991	452,28	758,59	-4,557	
39,82	9,991	452,50	757,99	-4,557	
39,84	9,991	453,12	757,39	-4,557	
39,86	9,991	454,70	756,81	-4,557	
39,88	9,991	455,72	756,23	-4,557	
39,90	9,991	455,99	755,66	-4,557	
39,92	9,991	455,97	755,09	-4,557	
39,94	9,991	455,99	754,53	-4,558	
39,96	9,991	456,64	753,97	-4,558	
39,98	9,991	458,08	753,40	-4,558	
40,00	9,991	458,99	752,84	-4,558	
40,02	9,991	459,26	752,29	-4,558	
40,04	9,991	459,27	751,73	-4,558	
40,06	9,991	459,27	751,17	-4,558	
40,08	9,991	459,23	750,62	-4,558	
40,10	9,991	459,18	750,08	-4,558	
40,12	9,991	459,22	749,55	-4,558	
40,14	9,991	459,26	749,03	-4,558	
40,16	9,991	459,15	748,51	-4,559	
40,18	9,991	457,91	748,00	-4,559	
40,20	9,991	456,56	747,49	-4,559	
40,22	9,991	456,04	746,99	-4,559	
40,24	9,991	456,01	746,50	-4,559	
40,26	9,991	456,02	746,01	-4,559	
40,28	9,991	455,89	745,51	-4,560	
40,30	9,991	454,70	745,04	-4,560	
40,32	9,991	453,32	744,58	-4,560	
40,34	9,991	452,70	744,11	-4,560	
40,36	9,991	451,97	743,62	-4,561	
40,38	9,991	450,50	743,16	-4,561	
40,40	9,991	449,41	742,71	-4,561	
40,42	9,991	447,92	742,25	-4,561	
40,44	9,991	446,38	741,81	-4,561	
40,46	9,991	444,60	741,38	-4,562	
40,48	9,991	443,02	740,95	-4,562	
40,50	9,991	441,22	740,51	-4,562	
40,52	9,991	439,62	740,08	-4,563	
40,54	9,991	437,82	739,66	-4,563	
40,56	9,991	436,24	739,26	-4,563	
40,58	9,991	434,48	738,86	-4,563	
40,60	9,991	432,40	738,46	-4,564	
40,62	9,991	430,18	738,06	-4,564	
40,64	9,991	427,85	737,65	-4,564	
40,66	9,991	425,66	737,24	-4,565	
40,68	9,991	423,53	736,83	-4,565	
40,70	9,991	421,20	736,42	-4,565	
40,72	9,991	418,90	736,01	-4,566	
40,74	9,991	416,75	735,60	-4,566	
40,76	9,991	414,34	735,21	-4,566	
40,78	9,991	411,47	734,82	-4,567	
40,80	9,991	408,94	734,44	-4,567	
40,82	9,991	406,19	734,06	-4,567	
40,84	9,991	403,48	733,67	-4,567	
40,86	9,991	400,91	733,30	-4,568	
40,88	9,991	398,00	732,92	-4,568	
40,90	9,991	395,41	732,54	-4,569	
40,92	9,991	393,18	732,18	-4,569	
40,94	9,991	390,88	731,82	-4,569	
40,96	9,991	388,12	731,45	-4,570	
40,98	9,991	385,56	731,08	-4,570	
41,00	9,991	383,24	730,72	-4,570	
41,02	9,991	380,82	730,37	-4,571	
41,04	9,991	377,96	730,02	-4,571	
41,06	9,991	375,39	729,66	-4,571	
41,08	9,991	373,13	729,31	-4,572	
41,10	9,991	370,87	728,96	-4,572	
41,12	9,991	368,65	728,63	-4,572	
41,14	9,991	366,54	728,30	-4,573	
41,16	9,991	364,31	727,95	-4,573	
41,18	9,991	362,10	727,61	-4,573	
41,20	9,991	359,88	727,27	-4,574	
41,22	9,991	357,61	726,93	-4,574	
41,24	9,991	355,39	726,59	-4,574	
41,26	9,991	353,32	726,26	-4,575	
41,28	9,991	351,61	725,92	-4,575	
41,30	9,991	349,69	725,59	-4,575	
41,32	9,991	347,47	725,26	-4,576	
41,34	9,991	345,75	724,93	-4,576	
41,36	9,991	344,02	724,59	-4,576	
41,38	9,991	342,45	724,26	-4,577	
41,40	9,991	340,67	723,94	-4,577	
41,42	9,991	339,02	723,61	-4,577	
41,44	9,991	337,28	723,29	-4,577	
41,46	9,991	335,79	722,97	-4,578	
41,48	9,991	334,03	722,66	-4,578	
41,50	9,991	332,36	722,35	-4,578	
41,52	9,991	330,56	722,04	-4,578	
41,54	9,991	328,99	721,71	-4,579	
41,56	9,991	327,24	721,39	-4,579	
41,58	9,991	325,76	721,08	-4,579	
41,60	9,991	324,61	720,77	-4,579	
41,62	9,991	323,05	720,45	-4,580	
41,64	9,991	322,03	720,13	-4,580	
41,66	9,991	321,22	719,81	-4,580	
41,68	9,991	319,81	719,49	-4,581	
41,70	9,991	318,77	719,19	-4,581	
41,72	9,991	318,27	718,87	-4,581	
41,74	9,991	317,02	718,55	-4,581	
41,76	9,991	315,64	718,23	-4,581	
41,78	9,991	315,05	717,93	-4,582	
41,80	9,991	314,86	717,62	-4,582	
41,82	9,991	313,69	717,30	-4,582	
41,84	9,991	312,32	716,98	-4,582	
41,86	9,991	311,70	716,66	-4,583	
41,88	9,991	311,61	716,36	-4,583	
41,90	9,991	311,64	716,03	-4,583	
41,92	9,991	311,65	715,70	-4,583	
41,94	9,991	311,68	715,38	-4,583	
41,96	9,991	311,71	715,06	-4,584	
41,98	9,991	311,16	714,75	-4,584	
42,00	9,991	309,65	714,42	-4,584	
42,02	9,991	308,63	714,10	-4,584	
42,04	9,991	308,31	713,78	-4,584	
42,06	9,991	308,25	713,46	-4,585	
42,08	9,991	308,24	713,14	-4,585	
42,10	9,991	308,23	712,82	-4,585	
42,12	9,991	308,34	712,50	-4,586	
42,14	9,991	308,44	712,17	-4,586	
42,16	9,991	308,41	711,82	-4,586	
42,18	9,991	308,36	711,50	-4,586	
42,20	9,991	308,33	711,17	-4,586	
42,22	9,991	308,34	710,84	-4,586	
42,24	9,991	308,33	710,50	-4,586	
42,26	9,991	308,25	710,17	-4,587	
42,28	9,991	308,22	709,83	-4,587	
42,30	9,991	308,27	709,50	-4,587	
42,32	9,991	308,36	709,17	-4,587	
42,34	9,991	308,41	708,84	-4,587	
42,36	9,991	308,36	708,51	-4,588	
42,38	9,991	308,26	708,19	-4,588	
42,40	9,991	308,25	707,85	-4,588	
42,42	9,991	308,33	707,51	-4,588	
42,44	9,991	308,39	707,16	-4,588	
42,46	9,991	308,36	706,83	-4,588	
42,48	9,991	308,31	706,49	-4,589	
42,50	9,991	308,29	706,15	-4,589	
42,52	9,991	308,26	705,81	-4,589	
42,54	9,991	308,27	705,47	-4,589	
42,56	9,991	308,28	705,13	-4,589	
42,58	9,991	308,30	704,79	-4,590	
42,60	9,991	308,39	704,44	-4,590	
42,62	9,991	308,44	704,09	-4,590	
42,64	9,991	308,36	703,75	-4,590	
42,66	9,991	308,26	703,43	-4,590	
42,68	9,991	308,30	703,09	-4,590	
42,70	9,991	308,95	702,74	-4,590	
42,72	9,991	310,37	702,40	-4,591	
42,74	9,991	311,29	702,06	-4,591	
42,76	9,991	311,54	701,72	-4,591	
42,78	9,991	311,57	701,38	-4,591	
42,80	9,991	311,56	701,04	-4,591	
42,82	9,991	311,56	700,70	-4,592	
42,84	9,991	311,61	700,35	-4,592	
42,86	9,991	311,63	700,01	-4,592	
42,88	9,991	311,63	699,68	-4,592	
42,90	9,991	311,83	699,33	-4,592	
42,92	9,991	313,07	698,99	-4,592	
42,94	9,991	314,41	698,65	-4,592	
42,96	9,991	314,97	698,31	-4,592	
42,98	9,991	315,02	697,97	-4,593	
43,00	9,991	314,96	697,62	-4,593	
43,02	9,991	314,94	697,28	-4,593	
43,04	9,991	315,52	696,93	-4,593	
43,06	9,991	316,99	696,58	-4,593	
43,08	9,991	318,05	696,25	-4,593	
43,10	9,991	318,35	695,91	-4,594	
43,12	9,991	318,36	695,57	-4,594	
43,14	9,991	318,94	695,24	-4,594	
43,16	9,991	320,45	694,89	-4,594	
43,18	9,991	321,49	694,56	-4,594	
43,20	9,991	321,75	694,22	-4,594	
43,22	9,991	321,85	693,88	-4,594	
43,24	9,991	323,00	693,54	-4,595	
43,26	9,991	324,39	693,20	-4,595	
43,28	9,991	325,01	692,85	-4,595	
43,30	9,991	325,63	692,50	-4,595	
43,32	9,991	327,08	692,15	-4,595	
43,34	9,991	328,10	691,81	-4,595	
43,36	9,991	328,44	691,46	-4,595	
43,38	9,991	328,52	691,11	-4,596	
43,40	9,991	329,67	690,77	-4,596	
43,42	9,991	331,13	690,42	-4,596	
43,44	9,991	331,83	690,07	-4,596	
43,46	9,991	333,05	689,72	-4,596	
43,48	9,991	334,39	689,38	-4,596	
43,50	9,991	335,11	689,03	-4,596	
43,52	9,991	336,43	688,69	-4,597	
43,54	9,991	337,78	688,34	-4,597	
43,56	9,991	338,50	687,99	-4,597	
43,58	9,991	339,84	687,64	-4,597	
43,60	9,991	341,27	687,28	-4,597	
43,62	9,991	341,85	686,92	-4,597	
43,64	9,991	342,49	686,56	-4,597	
43,66	9,991	343,99	686,21	-4,597	
43,68	9,991	345,01	685,86	-4,598	
43,70	9,991	345,80	685,52	-4,598	
43,72	9,991	347,29	685,17	-4,598	
43,74	9,991	348,33	684,83	-4,598	
43,76	9,991	348,71	684,48	-4,598	
43,78	9,991	349,88	684,12	-4,598	
43,80	9,991	351,30	683,77	-4,598	
43,82	9,991	352,05	683,42	-4,599	
43,84	9,991	353,28	683,07	-4,599	
43,86	9,991	354,81	682,72	-4,599	
43,88	9,991	356,61	682,36	-4,599	
43,90	9,991	358,09	682,00	-4,599	
43,92	9,991	359,25	681,64	-4,599	
43,94	9,991	360,86	681,28	-4,599	
43,96	9,991	361,88	680,92	-4,599	
43,98	9,991	362,65	680,55	-4,600	
44,00	9,991	364,03	680,19	-4,600	
44,02	9,991	365,01	679,85	-4,600	
44,04	9,991	365,89	679,50	-4,600	
44,06	9,991	367,43	679,15	-4,600	
44,08	9,991	368,59	678,79	-4,600	
44,10	9,991	370,02	678,44	-4,600	
44,12	9,991	371,46	678,09	-4,600	
44,14	9,991	372,64	677,73	-4,601	
44,16	9,991	374,21	677,36	-4,601	
44,18	9,991	375,25	677,01	-4,601	
44,20	9,991	376,65	676,65	-4,601	
44,22	9,991	378,12	676,29	-4,601	
44,24	9,991	379,25	675,92	-4,601	
44,26	9,991	380,78	675,56	-4,601	
44,28	9,991	381,90	675,20	-4,601	
44,30	9,991	383,37	674,84	-4,601	
44,32	9,991	384,84	674,49	-4,602	
44,34	9,991	385,98	674,15	-4,602	
44,36	9,991	387,56	673,80	-4,602	
44,38	9,991	389,09	673,44	-4,602	
44,40	9,991	390,84	673,07	-4,602	
44,42	9,991	391,94	672,70	-4,602	
44,44	9,991	393,34	672,34	-4,602	
44,46	9,991	394,82	671,99	-4,602	
44,48	9,991	396,63	671,65	-4,603	
44,50	9,991	398,27	671,29	-4,603	
44,52	9,991	400,00	670,92	-4,603	
44,54	9,991	401,45	670,56	-4,603	
44,56	9,991	402,58	670,19	-4,603	
44,58	9,991	404,25	669,82	-4,603	
44,60	9,991	405,88	669,46	-4,603	
44,62	9,991	407,69	669,10	-4,603	
44,64	9,991	408,78	668,75	-4,603	
44,66	9,991	410,14	668,38	-4,603	
44,68	9,991	411,68	668,02	-4,603	