Zeit  1 - Standardmessrate [s]	ZwickWeg [mm]	ZwickKraft [N]	Pyrometer [°C]	Maytec [mm]
0	0,01221	153,73	150,03	0,01192	
0,02000	0,01222	153,71	150,02	0,01196	
0,04000	0,01221	153,69	150,02	0,01191	
0,06000	0,01220	153,65	150,01	0,01184	
0,08000	0,01219	153,58	150,02	0,01175	
0,1000	0,01218	153,55	150,02	0,01173	
0,1200	0,01218	153,55	150,02	0,01176	
0,1400	0,01219	153,61	150,03	0,01184	
0,1600	0,01219	153,63	150,03	0,01192	
0,1800	0,01218	153,63	150,02	0,01194	
0,2000	0,01218	153,69	150,02	0,01188	
0,2200	0,01219	153,72	150,02	0,01175	
0,2400	0,01220	153,69	150,02	0,01173	
0,2600	0,01219	153,70	150,02	0,01185	
0,2800	0,01218	153,77	150,02	0,01197	
0,3000	0,01217	153,81	150,02	0,01204	
0,3200	0,01218	153,84	150,02	0,01201	
0,3400	0,01218	153,82	150,02	0,01186	
0,3600	0,01219	153,77	150,02	0,01172	
0,3800	0,01220	153,77	150,02	0,01164	
0,4000	0,01221	153,72	150,02	0,01177	
0,4200	0,01221	153,64	150,02	0,01187	
0,4400	0,01221	153,69	150,02	0,01189	
0,4600	0,01220	153,76	150,02	0,01186	
0,4800	0,01220	153,73	150,02	0,01171	
0,5000	0,01221	153,79	150,01	0,01168	
0,5200	0,01220	153,82	150,01	0,01177	
0,5400	0,01219	153,77	150,02	0,01183	
0,5600	0,01218	153,73	150,02	0,01187	
0,5800	0,01217	153,75	150,02	0,01189	
0,6000	0,01216	153,80	150,01	0,01185	
0,6200	0,01216	153,74	150,01	0,01182	
0,6400	0,01215	153,66	150,02	0,01179	
0,6600	0,01216	153,72	150,03	0,01178	
0,6800	0,01218	153,75	150,03	0,01182	
0,7000	0,01218	153,74	150,02	0,01191	
0,7200	0,01218	154,34	150,02	0,01205	
0,7400	0,01219	154,50	150,02	0,01204	
0,7600	0,01220	154,07	150,02	0,01183	
0,7800	0,01219	153,74	150,02	0,01173	
0,8000	0,01217	153,62	150,02	0,01177	
0,8200	0,01218	153,62	150,02	0,01184	
0,8400	0,01220	153,62	150,03	0,01189	
0,8600	0,01221	153,66	150,02	0,01194	
0,8800	0,01221	153,72	150,02	0,01192	
0,9000	0,01219	153,75	150,02	0,01172	
0,9200	0,01218	153,75	150,02	0,01163	
0,9400	0,01218	153,74	150,02	0,01172	
0,9600	0,01217	153,76	150,02	0,01189	
0,9800	0,01218	154,07	150,03	0,01198	
1,000	0,01219	154,52	150,03	0,01200	
1,020	0,01218	154,27	150,02	0,01199	
1,040	0,01218	153,93	150,02	0,01188	
1,060	0,01220	153,80	150,02	0,01173	
1,080	0,01220	153,78	150,02	0,01171	
1,100	0,01221	153,73	150,02	0,01181	
1,120	0,01221	153,71	150,03	0,01191	
1,140	0,01222	153,77	150,03	0,01205	
1,160	0,01223	153,85	150,02	0,01210	
1,180	0,01222	153,85	150,02	0,01201	
1,200	0,01222	153,89	150,02	0,01181	
1,220	0,01221	153,90	150,02	0,01163	
1,240	0,01219	153,94	150,02	0,01157	
1,260	0,01219	153,99	150,03	0,01167	
1,280	0,01221	153,90	150,03	0,01185	
1,300	0,01221	153,79	150,03	0,01193	
1,320	0,01220	153,77	150,03	0,01196	
1,340	0,01219	153,77	150,02	0,01196	
1,360	0,01219	153,76	150,02	0,01188	
1,380	0,01218	153,81	150,02	0,01182	
1,400	0,01219	153,80	150,02	0,01177	
1,420	0,01219	153,74	150,02	0,01178	
1,440	0,01219	153,68	150,02	0,01184	
1,460	0,01220	153,66	150,02	0,01197	
1,480	0,01220	153,69	150,02	0,01202	
1,500	0,01221	153,68	150,02	0,01192	
1,520	0,01221	153,71	150,02	0,01176	
1,540	0,01220	153,72	150,02	0,01175	
1,560	0,01219	153,71	150,02	0,01189	
1,580	0,01219	153,74	150,02	0,01198	
1,600	0,01220	153,78	150,03	0,01200	
1,620	0,01220	153,82	150,03	0,01201	
1,640	0,01219	153,86	150,03	0,01200	
1,660	0,01218	153,81	150,02	0,01193	
1,680	0,01218	153,75	150,02	0,01175	
1,700	0,01217	153,79	150,02	0,01167	
1,720	0,01217	153,87	150,02	0,01178	
1,740	0,01218	153,86	150,02	0,01193	
1,760	0,01220	153,86	150,03	0,01203	
1,780	0,01221	153,86	150,03	0,01201	
1,800	0,01221	153,85	150,03	0,01189	
1,820	0,01222	153,76	150,02	0,01178	
1,840	0,01222	153,73	150,02	0,01176	
1,860	0,01222	153,75	150,02	0,01186	
1,880	0,01221	153,78	150,01	0,01196	
1,900	0,01221	153,84	150,02	0,01198	
1,920	0,01220	153,81	150,03	0,01184	
1,940	0,01221	153,81	150,03	0,01175	
1,960	0,01220	153,81	150,03	0,01181	
1,980	0,01220	153,80	150,02	0,01196	
2,000	0,01221	153,79	150,02	0,01205	
2,020	0,01220	153,81	150,02	0,01206	
2,040	0,01220	153,81	150,02	0,01208	
2,060	0,01220	153,79	150,02	0,01205	
2,080	0,01221	153,84	150,03	0,01190	
2,100	0,01222	153,93	150,03	0,01186	
2,120	0,01221	153,97	150,03	0,01189	
2,140	0,01220	153,91	150,03	0,01197	
2,160	0,01220	153,85	150,02	0,01204	
2,180	0,01219	153,85	150,02	0,01201	
2,200	0,01218	153,91	150,02	0,01195	
2,220	0,01219	153,89	150,02	0,01190	
2,240	0,01219	153,82	150,03	0,01183	
2,260	0,01219	153,78	150,03	0,01168	
2,280	0,01220	153,80	150,03	0,01175	
2,300	0,01221	153,88	150,03	0,01196	
2,320	0,01220	153,90	150,03	0,01197	
2,340	0,01221	153,81	150,03	0,01188	
2,360	0,01221	153,72	150,02	0,01184	
2,380	0,01219	153,71	150,02	0,01176	
2,400	0,01219	153,77	150,02	0,01176	
2,420	0,01220	153,80	150,02	0,01183	
2,440	0,01222	153,70	150,02	0,01199	
2,460	0,01222	153,67	150,03	0,01207	
2,480	0,01222	153,64	150,03	0,01206	
2,500	0,01223	153,64	150,03	0,01193	
2,520	0,01223	153,71	150,03	0,01183	
2,540	0,01224	153,69	150,02	0,01179	
2,560	0,01224	153,67	150,02	0,01182	
2,580	0,01222	153,69	150,02	0,01198	
2,600	0,01220	153,70	150,02	0,01211	
2,620	0,01220	153,66	150,03	0,01207	
2,640	0,01221	153,64	150,03	0,01196	
2,660	0,01222	153,67	150,03	0,01181	
2,680	0,01223	153,73	150,03	0,01175	
2,700	0,01223	153,70	150,03	0,01180	
2,720	0,01223	153,67	150,03	0,01189	
2,740	0,01222	153,68	150,02	0,01196	
2,760	0,01221	153,72	150,02	0,01198	
2,780	0,01219	153,74	150,02	0,01194	
2,800	0,01219	153,73	150,02	0,01180	
2,820	0,01220	153,67	150,03	0,01172	
2,840	0,01221	153,68	150,03	0,01173	
2,860	0,01222	153,74	150,03	0,01180	
2,880	0,01221	153,79	150,02	0,01186	
2,900	0,01220	153,81	150,02	0,01197	
2,920	0,01220	153,79	150,02	0,01207	
2,940	0,01221	153,75	150,02	0,01198	
2,960	0,01220	153,76	150,02	0,01178	
2,980	0,01219	153,77	150,03	0,01167	
3,000	0,01219	153,75	150,03	0,01165	
3,020	0,01219	153,67	150,03	0,01171	
3,040	0,01219	153,65	150,03	0,01184	
3,060	0,01220	153,69	150,03	0,01195	
3,080	0,01221	153,74	150,02	0,01197	
3,100	0,01220	153,73	150,02	0,01205	
3,120	0,01220	153,73	150,02	0,01205	
3,140	0,01220	153,74	150,02	0,01190	
3,160	0,01219	153,83	150,03	0,01173	
3,180	0,01219	153,90	150,03	0,01167	
3,200	0,01220	153,87	150,03	0,01166	
3,220	0,01220	153,82	150,03	0,01174	
3,240	0,01219	153,80	150,03	0,01185	
3,260	0,01218	153,77	150,03	0,01193	
3,280	0,01219	153,81	150,02	0,01183	
3,300	0,01219	153,83	150,02	0,01175	
3,320	0,01218	153,79	150,02	0,01177	
3,340	0,01218	153,75	150,02	0,01177	
3,360	0,01218	153,78	150,03	0,01172	
3,380	0,01219	153,79	150,03	0,01177	
3,400	0,01220	153,77	150,03	0,01185	
3,420	0,01219	153,73	150,03	0,01186	
3,440	0,01219	153,71	150,03	0,01188	
3,460	0,01220	153,66	150,02	0,01180	
3,480	0,01220	153,58	150,02	0,01175	
3,500	0,01219	153,62	150,02	0,01184	
3,520	0,01218	153,68	150,02	0,01187	
3,540	0,01219	153,67	150,02	0,01188	
3,560	0,01219	153,64	150,03	0,01192	
3,580	0,01219	153,64	150,03	0,01190	
3,600	0,01220	153,68	150,03	0,01181	
3,620	0,01221	153,78	150,03	0,01178	
3,640	0,01221	153,82	150,02	0,01176	
3,660	0,01220	153,79	150,02	0,01170	
3,680	0,01219	153,74	150,02	0,01175	
3,700	0,01218	153,71	150,02	0,01190	
3,720	0,01218	153,67	150,02	0,01200	
3,740	0,01218	153,66	150,03	0,01201	
3,760	0,01218	153,62	150,03	0,01191	
3,780	0,01218	153,62	150,03	0,01179	
3,800	0,01218	153,64	150,03	0,01183	
3,820	0,01218	153,66	150,02	0,01188	
3,840	0,01218	153,68	150,02	0,01185	
3,860	0,01218	153,99	150,02	0,01176	
3,880	0,01219	155,42	150,02	0,01178	
3,900	0,01220	156,69	150,02	0,01189	
3,920	0,01220	156,48	150,02	0,01187	
3,940	0,01220	155,41	150,02	0,01179	
3,960	0,01220	154,29	150,03	0,01175	
3,980	0,01219	153,80	150,02	0,01175	
4,000	0,01219	153,72	150,02	0,01179	
4,020	0,01219	153,78	150,02	0,01185	
4,040	0,01204	153,78	150,02	0,01201	
4,060	0,01173	153,77	150,03	0,01207	
4,080	0,01156	153,77	150,03	0,01205	
4,100	0,01153	153,76	150,03	0,01192	
4,120	0,01154	153,76	150,03	0,01172	
4,140	0,01154	153,71	150,02	0,01170	
4,160	0,01154	153,61	150,01	0,01181	
4,180	0,01152	153,54	150,02	0,01190	
4,200	0,01151	153,62	150,02	0,01191	
4,220	0,01151	153,68	150,02	0,01181	
4,240	0,01153	153,69	150,02	0,01177	
4,260	0,01153	153,68	150,02	0,01182	
4,280	0,01152	153,64	150,02	0,01193	
4,300	0,01152	153,54	150,02	0,01194	
4,320	0,01152	153,47	150,02	0,01183	
4,340	0,01152	153,49	150,02	0,01178	
4,360	0,01152	153,47	150,02	0,01188	
4,380	0,01153	153,53	150,03	0,01197	
4,400	0,01152	153,63	150,03	0,01194	
4,420	0,01152	153,69	150,03	0,01183	
4,440	0,01153	153,66	150,02	0,01190	
4,460	0,01153	153,64	150,02	0,01195	
4,480	0,01153	153,59	150,02	0,01182	
4,500	0,01153	153,53	150,02	0,01181	
4,520	0,01153	153,54	150,02	0,01192	
4,540	0,01153	153,70	150,02	0,01199	
4,560	0,01152	153,78	150,03	0,01200	
4,580	0,01151	153,77	150,02	0,01195	
4,600	0,01152	153,82	150,02	0,01199	
4,620	0,01153	153,87	150,02	0,01197	
4,640	0,01155	153,86	150,02	0,01195	
4,660	0,01156	153,87	150,02	0,01188	
4,680	0,01154	153,81	150,03	0,01183	
4,700	0,01153	153,73	150,03	0,01189	
4,720	0,01155	153,78	150,02	0,01200	
4,740	0,01155	153,76	150,02	0,01204	
4,760	0,01155	153,67	150,02	0,01201	
4,780	0,01154	153,67	150,01	0,01194	
4,800	0,01154	153,64	150,02	0,01186	
4,820	0,01154	153,61	150,02	0,01175	
4,840	0,01155	153,64	150,03	0,01168	
4,860	0,01155	153,65	150,02	0,01170	
4,880	0,01154	153,66	150,02	0,01180	
4,900	0,01154	153,71	150,02	0,01177	
4,920	0,01155	153,62	150,02	0,01178	
4,940	0,01155	153,57	150,02	0,01186	
4,960	0,01155	153,64	150,02	0,01187	
4,980	0,01154	153,68	150,02	0,01181	
5,000	0,01154	153,57	150,02	0,01190	
5,020	0,01100	156,05	150,19	0,01156	
5,040	0,01154	137,76	150,02	0,01047	
5,060	0,01189	96,93	149,91	0,01011	
5,080	0,01173	54,96	149,96	0,01034	
5,100	0,01176	16,94	150,01	0,01070	
5,120	0,01353	-14,45	150,02	0,01088	
5,140	0,01789	-22,48	150,02	0,01093	
5,160	0,02298	2,501	150,02	0,01094	
5,180	0,02740	37,54	150,01	0,01093	
5,200	0,03100	73,52	150,01	0,01094	
5,220	0,03357	106,01	150,02	0,01091	
5,240	0,03523	130,89	150,03	0,01089	
5,260	0,03612	146,04	150,02	0,01089	
5,280	0,03640	153,97	150,02	0,01093	
5,300	0,03641	158,16	150,01	0,01092	
5,320	0,03640	160,00	150,02	0,01080	
5,340	0,03640	160,51	150,02	0,01082	
5,360	0,03636	160,48	150,02	0,01089	
5,380	0,03611	160,37	150,02	0,01084	
5,400	0,03586	160,37	150,03	0,01077	
5,420	0,03577	160,46	150,03	0,01072	
5,440	0,03575	160,45	150,02	0,01081	
5,460	0,03574	160,23	150,02	0,01091	
5,480	0,03556	160,16	150,01	0,01087	
5,500	0,03526	160,29	150,02	0,01086	
5,520	0,03511	160,27	150,03	0,01090	
5,540	0,03509	160,29	150,03	0,01092	
5,560	0,03510	160,39	150,02	0,01091	
5,580	0,03504	159,63	150,02	0,01101	
5,600	0,03473	158,13	150,01	0,01107	
5,620	0,03446	157,22	150,02	0,01100	
5,640	0,03437	156,93	150,02	0,01098	
5,660	0,03436	157,02	150,02	0,01089	
5,680	0,03436	157,03	150,03	0,01090	
5,700	0,03436	156,99	150,03	0,01100	
5,720	0,03436	157,00	150,02	0,01102	
5,740	0,03436	157,00	150,01	0,01110	
5,760	0,03431	157,03	150,01	0,01111	
5,780	0,03405	157,10	150,02	0,01106	
5,800	0,03380	157,17	150,02	0,01109	
5,820	0,03371	157,20	150,03	0,01105	
5,840	0,03371	157,16	150,03	0,01100	
5,860	0,03371	157,12	150,03	0,01102	
5,880	0,03370	157,12	150,02	0,01105	
5,900	0,03370	157,09	150,02	0,01102	
5,920	0,03370	157,03	150,02	0,01105	
5,940	0,03369	157,00	150,02	0,01102	
5,960	0,03369	157,03	150,02	0,01091	
5,980	0,03369	156,93	150,03	0,01085	
6,000	0,03369	156,81	150,03	0,01095	
6,020	0,03369	156,92	150,03	0,01098	
6,040	0,03369	157,08	150,02	0,01099	
6,060	0,03369	157,06	150,02	0,01095	
6,080	0,03369	156,09	150,01	0,01087	
6,100	0,03369	154,71	150,02	0,01091	
6,120	0,03365	154,89	150,03	0,01096	
6,140	0,03338	154,72	150,02	0,01111	
6,160	0,03313	154,07	150,02	0,01114	
6,180	0,03303	154,22	150,02	0,01110	
6,200	0,03302	154,32	150,02	0,01110	
6,220	0,03303	153,90	150,02	0,01110	
6,240	0,03302	153,62	150,02	0,01107	
6,260	0,03300	153,60	150,03	0,01112	
6,280	0,03299	153,70	150,03	0,01120	
6,300	0,03299	154,61	150,03	0,01117	
6,320	0,03300	155,31	150,03	0,01114	
6,340	0,03301	154,53	150,02	0,01113	
6,360	0,03302	154,58	150,02	0,01117	
6,380	0,03302	155,14	150,02	0,01125	
6,400	0,03303	154,56	150,02	0,01128	
6,420	0,03303	153,82	150,02	0,01124	
6,440	0,03304	153,57	150,02	0,01113	
6,460	0,03303	153,67	150,03	0,01107	
6,480	0,03301	153,67	150,02	0,01116	
6,500	0,03300	153,63	150,02	0,01120	
6,520	0,03301	153,85	150,01	0,01112	
6,540	0,03301	154,94	150,02	0,01100	
6,560	0,03302	154,83	150,02	0,01109	
6,580	0,03303	154,02	150,03	0,01123	
6,600	0,03302	153,57	150,03	0,01123	
6,620	0,03302	153,54	150,03	0,01120	
6,640	0,03302	153,63	150,02	0,01116	
6,660	0,03301	153,67	150,02	0,01112	
6,680	0,03301	153,69	150,02	0,01116	
6,700	0,03301	153,69	150,02	0,01129	
6,720	0,03298	153,75	150,02	0,01130	
6,740	0,03296	153,78	150,02	0,01121	
6,760	0,03298	153,74	150,03	0,01111	
6,780	0,03301	153,80	150,03	0,01110	
6,800	0,03300	154,45	150,03	0,01116	
6,820	0,03301	154,60	150,02	0,01119	
6,840	0,03303	154,93	150,01	0,01120	
6,860	0,03302	156,17	150,02	0,01117	
6,880	0,03285	156,94	150,02	0,01114	
6,900	0,03254	156,51	150,02	0,01122	
6,920	0,03236	156,39	150,02	0,01135	
6,940	0,03233	155,96	150,02	0,01138	
6,960	0,03234	154,70	150,01	0,01134	
6,980	0,03234	153,93	150,02	0,01119	
7,000	0,03233	153,68	150,02	0,01109	
7,020	0,03233	153,75	150,03	0,01115	
7,040	0,03234	153,73	150,03	0,01117	
7,060	0,03235	153,59	150,03	0,01115	
7,080	0,03234	153,58	150,03	0,01122	
7,100	0,03234	154,22	150,02	0,01127	
7,120	0,03235	154,39	150,02	0,01125	
7,140	0,03235	153,96	150,02	0,01126	
7,160	0,03234	153,67	150,02	0,01121	
7,180	0,03233	153,59	150,02	0,01115	
7,200	0,03233	153,59	150,03	0,01115	
7,220	0,03233	153,61	150,03	0,01125	
7,240	0,03233	153,60	150,02	0,01132	
7,260	0,03234	153,53	150,02	0,01130	
7,280	0,03234	153,55	150,02	0,01115	
7,300	0,03234	153,59	150,02	0,01107	
7,320	0,03235	153,61	150,02	0,01102	
7,340	0,03235	153,59	150,03	0,01100	
7,360	0,03234	153,56	150,03	0,01114	
7,380	0,03234	153,59	150,03	0,01130	
7,400	0,03236	153,73	150,02	0,01134	
7,420	0,03236	153,80	150,02	0,01132	
7,440	0,03235	153,77	150,02	0,01129	
7,460	0,03233	153,76	150,02	0,01130	
7,480	0,03232	154,60	150,02	0,01134	
7,500	0,03234	155,30	150,03	0,01132	
7,520	0,03235	154,59	150,03	0,01124	
7,540	0,03234	154,77	150,03	0,01116	
7,560	0,03234	155,32	150,02	0,01111	
7,580	0,03235	154,73	150,01	0,01109	
7,600	0,03235	154,07	150,02	0,01106	
7,620	0,03218	153,74	150,02	0,01110	
7,640	0,03187	153,73	150,03	0,01115	
7,660	0,03171	153,79	150,03	0,01124	
7,680	0,03168	153,77	150,03	0,01134	
7,700	0,03169	153,75	150,03	0,01131	
7,720	0,03167	153,76	150,03	0,01111	
7,740	0,03167	153,69	150,02	0,01094	
7,760	0,03167	153,64	150,02	0,01093	
7,780	0,03167	154,49	150,02	0,01102	
7,800	0,03168	155,22	150,02	0,01114	
7,820	0,03168	154,52	150,03	0,01121	
7,840	0,03166	153,83	150,03	0,01131	
7,860	0,03166	153,68	150,03	0,01143	
7,880	0,03167	153,68	150,02	0,01133	
7,900	0,03167	153,78	150,02	0,01116	
7,920	0,03167	153,88	150,02	0,01115	
7,940	0,03169	153,82	150,02	0,01124	
7,960	0,03169	153,97	150,02	0,01132	
7,980	0,03169	155,02	150,02	0,01136	
8,000	0,03170	154,93	150,02	0,01134	
8,020	0,03169	154,15	150,02	0,01121	
8,040	0,03168	154,31	150,02	0,01107	
8,060	0,03167	154,33	150,02	0,01101	
8,080	0,03167	153,90	150,01	0,01115	
8,100	0,03167	153,67	150,02	0,01132	
8,120	0,03169	153,53	150,02	0,01126	
8,140	0,03169	153,46	150,02	0,01109	
8,160	0,03168	153,51	150,02	0,01103	
8,180	0,03168	153,53	150,02	0,01115	
8,200	0,03168	153,55	150,01	0,01131	
8,220	0,03166	153,57	150,02	0,01136	
8,240	0,03167	153,57	150,02	0,01134	
8,260	0,03168	153,63	150,03	0,01183	
8,280	0,03154	154,37	150,07	0,01236	
8,300	0,03147	152,55	150,08	0,01243	
8,320	0,03157	144,19	150,04	0,01254	
8,340	0,03165	131,68	150,02	0,01263	
8,360	0,03166	118,13	150,01	0,01269	
8,380	0,03187	104,60	150,02	0,01255	
8,400	0,03266	93,04	150,03	0,01246	
8,420	0,03372	86,06	150,03	0,01254	
8,440	0,03477	82,55	150,03	0,01249	
8,460	0,03595	79,73	150,02	0,01247	
8,480	0,03726	77,69	150,02	0,01226	
8,500	0,03876	78,11	150,02	0,01158	
8,520	0,04041	80,11	150,02	0,01114	
8,540	0,04193	82,93	150,02	0,01101	
8,560	0,04331	85,58	150,02	0,01099	
8,580	0,04465	87,96	150,02	0,01103	
8,600	0,04599	89,49	150,01	0,01105	
8,620	0,04732	89,68	150,01	0,01105	
8,640	0,04866	88,27	150,01	0,01103	
8,660	0,04984	86,83	150,02	0,01093	
8,680	0,05089	86,33	150,02	0,01086	
8,700	0,05206	86,38	150,01	0,01093	
8,720	0,05337	86,49	150,01	0,01107	
8,740	0,05472	86,48	150,01	0,01111	
8,760	0,05605	86,39	150,02	0,01106	
8,780	0,05738	86,32	150,02	0,01108	
8,800	0,05872	86,30	150,01	0,01112	
8,820	0,06007	86,25	150,01	0,01111	
8,840	0,06143	86,22	150,01	0,01098	
8,860	0,06278	86,23	150,02	0,01088	
8,880	0,06413	86,26	150,02	0,01092	
8,900	0,06548	86,35	150,02	0,01092	
8,920	0,06683	86,42	150,01	0,01089	
8,940	0,06817	86,48	150,01	0,01094	
8,960	0,06951	86,43	150,02	0,01107	
8,980	0,07085	86,44	150,02	0,01111	
9,000	0,07218	85,64	150,02	0,01106	
9,020	0,07351	84,08	150,01	0,01103	
9,040	0,07485	83,25	150,01	0,01098	
9,060	0,07622	83,10	150,01	0,01098	
9,080	0,07759	83,06	150,01	0,01105	
9,100	0,07895	82,95	150,01	0,01106	
9,120	0,08028	82,92	150,01	0,01098	
9,140	0,08161	82,94	150,01	0,01098	
9,160	0,08311	82,91	150,02	0,01095	
9,180	0,08475	82,89	150,02	0,01085	
9,200	0,08625	83,05	150,02	0,01087	
9,220	0,08763	83,02	150,01	0,01104	
9,240	0,08898	82,92	150,01	0,01102	
9,260	0,09032	82,86	150,02	0,01098	
9,280	0,09166	82,95	150,02	0,01101	
9,300	0,09302	83,15	150,02	0,01113	
9,320	0,09437	83,25	150,02	0,01126	
9,340	0,09570	83,23	150,02	0,01122	
9,360	0,09704	82,89	150,02	0,01110	
9,380	0,09837	81,58	150,01	0,01104	
9,400	0,09976	80,34	150,02	0,01101	
9,420	0,1014	79,82	150,02	0,01100	
9,440	0,1030	79,66	150,03	0,01110	
9,460	0,1044	79,67	150,03	0,01120	
9,480	0,1058	79,72	150,02	0,01116	
9,500	0,1071	79,69	150,02	0,01112	
9,520	0,1084	79,63	150,01	0,01117	
9,540	0,1098	79,58	150,01	0,01113	
9,560	0,1113	79,63	150,02	0,01109	
9,580	0,1129	79,75	150,02	0,01109	
9,600	0,1144	79,76	150,01	0,01102	
9,620	0,1158	79,64	150,01	0,01101	
9,640	0,1172	79,59	150,02	0,01110	
9,660	0,1187	79,63	150,02	0,01112	
9,680	0,1203	79,64	150,02	0,01101	
9,700	0,1219	79,58	150,02	0,01108	
9,720	0,1232	79,50	150,02	0,01118	
9,740	0,1246	79,58	150,01	0,01122	
9,760	0,1259	79,61	150,02	0,01118	
9,780	0,1274	78,87	150,02	0,01115	
9,800	0,1291	77,29	150,02	0,01116	
9,820	0,1306	76,29	150,02	0,01112	
9,840	0,1320	76,07	150,02	0,01114	
9,860	0,1333	76,24	150,01	0,01118	
9,880	0,1349	76,40	150,01	0,01119	
9,900	0,1365	76,46	150,02	0,01116	
9,920	0,1380	76,37	150,02	0,01107	
9,940	0,1394	76,23	150,02	0,01096	
9,960	0,1410	76,23	150,02	0,01092	
9,980	0,1425	76,31	150,02	0,01097	
10,00	0,1440	76,32	150,02	0,01100	
10,02	0,1454	76,37	150,02	0,01107	
10,04	0,1470	76,36	150,02	0,01112	
10,06	0,1486	76,35	150,03	0,01113	
10,08	0,1501	76,43	150,03	0,01112	
10,10	0,1517	76,53	150,02	0,01104	
10,12	0,1533	76,53	150,02	0,01100	
10,14	0,1548	76,41	150,01	0,01102	
10,16	0,1562	76,25	150,01	0,01112	
10,18	0,1579	76,25	150,02	0,01117	
10,20	0,1594	75,66	150,02	0,01114	
10,22	0,1610	74,17	150,05	0,01107	
10,24	0,1626	73,18	150,44	0,01111	
10,26	0,1641	72,97	151,55	0,01115	
10,28	0,1656	73,05	153,09	0,01124	
10,30	0,1672	73,06	155,03	0,01128	
10,32	0,1687	72,98	157,15	0,01128	
10,34	0,1702	72,93	158,91	0,01119	
10,36	0,1719	73,00	160,42	0,01108	
10,38	0,1735	72,81	161,60	0,01107	
10,40	0,1751	71,43	162,63	0,01122	
10,42	0,1768	70,14	163,96	0,01133	
10,44	0,1783	69,64	165,51	0,01125	
10,46	0,1798	69,54	166,93	0,01113	
10,48	0,1814	69,51	168,16	0,01113	
10,50	0,1831	69,52	169,28	0,01116	
10,52	0,1848	69,60	170,18	0,01124	
10,54	0,1863	69,74	171,25	0,01121	
10,56	0,1880	69,76	172,69	0,01106	
10,58	0,1896	69,67	174,17	0,01102	
10,60	0,1913	69,60	175,81	0,01105	
10,62	0,1929	69,62	177,49	0,01110	
10,64	0,1944	69,59	178,94	0,01118	
10,66	0,1960	69,61	180,19	0,01117	
10,68	0,1977	69,62	181,63	0,01118	
10,70	0,1994	69,58	183,20	0,01116	
10,72	0,2010	69,50	184,67	0,01114	
10,74	0,2027	69,57	186,02	0,01114	
10,76	0,2044	69,63	187,30	0,01106	
10,78	0,2061	69,63	188,79	0,01107	
10,80	0,2077	69,67	190,31	0,01110	
10,82	0,2094	68,97	191,77	0,01115	
10,84	0,2111	67,48	193,17	0,01121	
10,86	0,2128	66,57	194,55	0,01124	
10,88	0,2145	66,26	195,93	0,01113	
10,90	0,2162	66,25	197,32	0,01102	
10,92	0,2179	66,34	198,61	0,01102	
10,94	0,2197	66,35	199,86	0,01114	
10,96	0,2215	66,38	201,29	0,01119	
10,98	0,2232	66,35	202,79	0,01116	
11,00	0,2249	66,29	204,15	0,01120	
11,02	0,2265	66,29	205,53	0,01114	
11,04	0,2282	66,24	207,05	0,01109	
11,06	0,2299	65,93	208,55	0,01114	
11,08	0,2316	64,57	209,92	0,01119	
11,10	0,2334	63,33	211,20	0,01128	
11,12	0,2351	62,89	212,58	0,01134	
11,14	0,2369	62,81	214,05	0,01136	
11,16	0,2387	62,73	215,49	0,01131	
11,18	0,2405	62,66	216,91	0,01123	
11,20	0,2421	62,68	218,30	0,01121	
11,22	0,2439	62,78	219,67	0,01125	
11,24	0,2457	62,93	221,08	0,01131	
11,26	0,2476	62,96	222,54	0,01136	
11,28	0,2495	62,92	224,04	0,01134	
11,30	0,2513	62,92	225,49	0,01126	
11,32	0,2531	62,94	226,88	0,01128	
11,34	0,2548	62,95	228,29	0,01129	
11,36	0,2566	62,95	229,73	0,01128	
11,38	0,2584	62,71	231,15	0,01121	
11,40	0,2602	61,39	232,57	0,01115	
11,42	0,2620	60,06	233,99	0,01122	
11,44	0,2638	59,55	235,41	0,01130	
11,46	0,2656	59,46	236,84	0,01131	
11,48	0,2674	59,40	238,30	0,01134	
11,50	0,2692	59,38	239,76	0,01125	
11,52	0,2711	59,52	241,21	0,01117	
11,54	0,2730	59,60	242,63	0,01119	
11,56	0,2749	59,61	244,05	0,01118	
11,58	0,2767	59,54	245,46	0,01114	
11,60	0,2786	59,61	246,88	0,01119	
11,62	0,2805	60,91	248,31	0,01123	
11,64	0,2823	62,30	249,71	0,01119	
11,66	0,2841	62,80	251,09	0,01118	
11,68	0,2859	62,91	252,43	0,01126	
11,70	0,2877	62,94	253,74	0,01138	
11,72	0,2895	62,90	255,05	0,01137	
11,74	0,2913	62,89	256,40	0,01138	
11,76	0,2931	62,85	257,76	0,01142	
11,78	0,2949	63,41	259,12	0,01137	
11,80	0,2967	64,16	261,24	0,01135	
11,82	0,2984	63,52	265,10	0,01128	
11,84	0,3001	62,89	268,60	0,01123	
11,86	0,3018	62,75	270,71	0,01133	
11,88	0,3036	62,76	272,11	0,01136	
11,90	0,3052	62,81	273,37	0,01127	
11,92	0,3070	62,82	274,68	0,01123	
11,94	0,3088	62,48	276,02	0,01131	
11,96	0,3107	62,40	277,07	0,01127	
11,98	0,3125	67,04	277,46	0,01116	
12,00	0,3141	77,88	277,45	0,01114	
12,02	0,3159	90,67	277,42	0,01109	
12,04	0,3175	102,03	277,56	0,01112	
12,06	0,3188	109,33	278,29	0,01122	
12,08	0,3197	109,85	279,41	0,01125	
12,10	0,3204	103,76	280,44	0,01127	
12,12	0,3211	99,57	281,06	0,01121	
12,14	0,3220	100,90	281,33	0,01109	
12,16	0,3232	105,45	281,71	0,01104	
12,18	0,3244	107,38	282,64	0,01111	
12,20	0,3254	106,42	283,77	0,01123	
12,22	0,3259	104,33	284,47	0,01123	
12,24	0,3264	102,42	284,84	0,01122	
12,26	0,3272	99,32	285,46	0,01121	
12,28	0,3282	97,12	286,22	0,01128	
12,30	0,3291	97,87	286,89	0,01132	
12,32	0,3298	98,45	287,51	0,01126	
12,34	0,3306	96,32	288,09	0,01118	
12,36	0,3315	94,58	288,73	0,01108	
12,38	0,3324	93,45	289,57	0,01112	
12,40	0,3331	91,80	290,40	0,01118	
12,42	0,3338	90,89	291,05	0,01119	
12,44	0,3347	89,33	291,68	0,01126	
12,46	0,3355	88,93	292,24	0,01122	
12,48	0,3365	90,06	292,81	0,01112	
12,50	0,3375	89,57	293,73	0,01103	
12,52	0,3383	87,42	294,67	0,01102	
12,54	0,3391	87,96	295,17	0,01113	
12,56	0,3399	90,82	295,48	0,01123	
12,58	0,3409	90,62	296,19	0,01125	
12,60	0,3420	87,66	297,28	0,01122	
12,62	0,3429	85,95	298,14	0,01116	
12,64	0,3435	86,95	298,57	0,01113	
12,66	0,3442	86,84	299,02	0,01112	
12,68	0,3453	84,52	299,82	0,01125	
12,70	0,3462	83,71	300,69	0,01130	
12,72	0,3469	85,30	301,25	0,01120	
12,74	0,3475	85,08	301,71	0,01122	
12,76	0,3483	80,74	302,47	0,01122	
12,78	0,3492	77,14	303,41	0,01116	
12,80	0,3500	76,70	304,20	0,01113	
12,82	0,3506	77,85	304,75	0,01114	
12,84	0,3512	76,66	305,25	0,01119	
12,86	0,3522	75,09	305,91	0,01129	
12,88	0,3532	74,90	306,67	0,01130	
12,90	0,3539	74,98	307,34	0,01124	
12,92	0,3546	73,73	308,01	0,01125	
12,94	0,3555	72,45	308,74	0,01115	
12,96	0,3563	72,25	309,41	0,01106	
12,98	0,3572	73,20	310,07	0,01110	
13,00	0,3580	73,25	310,80	0,01114	
13,02	0,3588	72,59	311,54	0,01117	
13,04	0,3596	72,64	312,18	0,01117	
13,06	0,3604	72,36	312,79	0,01118	
13,08	0,3612	73,01	313,40	0,01119	
13,10	0,3621	73,59	314,13	0,01120	
13,12	0,3630	72,17	314,94	0,01116	
13,14	0,3637	71,89	315,59	0,01123	
13,16	0,3644	73,00	316,17	0,01134	
13,18	0,3653	72,31	316,91	0,01130	
13,20	0,3662	71,16	317,65	0,01120	
13,22	0,3670	72,72	318,25	0,01120	
13,24	0,3676	73,64	318,86	0,01119	
13,26	0,3685	71,26	319,59	0,01128	
13,28	0,3693	69,08	320,34	0,01142	
13,30	0,3702	69,66	321,02	0,01141	
13,32	0,3710	71,42	321,62	0,01123	
13,34	0,3718	71,00	322,41	0,01119	
13,36	0,3727	70,83	323,16	0,01128	
13,38	0,3734	73,45	323,73	0,01138	
13,40	0,3742	74,95	324,36	0,01130	
13,42	0,3750	73,61	325,21	0,01115	
13,44	0,3759	73,07	325,98	0,01116	
13,46	0,3766	77,14	326,41	0,01120	
13,48	0,3773	79,38	327,03	0,01120	
13,50	0,3782	76,79	328,06	0,01118	
13,52	0,3790	75,22	328,89	0,01122	
13,54	0,3795	77,78	329,26	0,01125	
13,56	0,3800	78,58	329,65	0,01122	
13,58	0,3809	74,86	330,52	0,01117	
13,60	0,3819	70,71	331,66	0,01114	
13,62	0,3825	70,66	332,42	0,01127	
13,64	0,3829	72,99	332,80	0,01140	
13,66	0,3836	71,42	333,37	0,01142	
13,68	0,3845	70,35	334,03	0,01139	
13,70	0,3851	73,14	334,65	0,01141	
13,72	0,3858	72,55	335,40	0,01143	
13,74	0,3864	66,46	336,19	0,01134	
13,76	0,3870	64,33	336,79	0,01131	
13,78	0,3875	65,74	337,35	0,01135	
13,80	0,3882	64,39	338,12	0,01138	
13,82	0,3891	62,54	338,90	0,01135	
13,84	0,3896	64,39	339,48	0,01130	
13,86	0,3902	64,87	340,11	0,01131	
13,88	0,3909	61,98	340,96	0,01125	
13,90	0,3916	60,56	341,71	0,01114	
13,92	0,3922	62,71	342,19	0,01115	
13,94	0,3928	63,99	342,75	0,01134	
13,96	0,3935	61,45	343,61	0,01144	
13,98	0,3943	58,75	344,56	0,01137	
14,00	0,3949	60,28	345,11	0,01123	
14,02	0,3954	63,95	345,48	0,01110	
14,04	0,3962	63,25	346,27	0,01107	
14,06	0,3972	59,83	347,33	0,01109	
14,08	0,3980	59,76	348,03	0,01120	
14,10	0,3983	62,19	348,36	0,01127	
14,12	0,3989	60,50	348,93	0,01120	
14,14	0,3999	55,94	349,89	0,01120	
14,16	0,4006	55,98	350,72	0,01122	
14,18	0,4011	58,94	351,15	0,01121	
14,20	0,4015	58,77	351,58	0,01128	
14,22	0,4022	53,77	352,47	0,01137	
14,24	0,4031	50,33	353,52	0,01133	
14,26	0,4037	51,02	354,17	0,01121	
14,28	0,4042	52,35	354,58	0,01120	
14,30	0,4049	48,86	355,22	0,01118	
14,32	0,4057	45,81	355,98	0,01116	
14,34	0,4063	47,71	356,60	0,01124	
14,36	0,4068	49,15	357,16	0,01129	
14,38	0,4074	45,03	357,94	0,01128	
14,40	0,4082	40,88	358,79	0,01121	
14,42	0,4088	42,37	359,42	0,01111	
14,44	0,4094	44,37	360,03	0,01110	
14,46	0,4102	43,06	360,73	0,01116	
14,48	0,4109	42,62	361,40	0,01123	
14,50	0,4116	44,82	362,02	0,01125	
14,52	0,4121	44,86	362,73	0,01123	
14,54	0,4128	42,24	363,47	0,01114	
14,56	0,4136	43,05	364,08	0,01110	
14,58	0,4143	44,35	364,71	0,01109	
14,60	0,4151	42,63	365,51	0,01114	
14,62	0,4158	41,54	366,29	0,01113	
14,64	0,4164	42,77	366,89	0,01107	
14,66	0,4170	43,79	367,47	0,01109	
14,68	0,4177	43,06	368,20	0,01111	
14,70	0,4185	43,13	368,96	0,01117	
14,72	0,4191	45,04	369,59	0,01127	
14,74	0,4197	45,88	370,24	0,01125	
14,76	0,4204	44,59	371,01	0,01120	
14,78	0,4211	44,52	371,75	0,01115	
14,80	0,4217	46,86	372,33	0,01107	
14,82	0,4224	47,62	372,97	0,01109	
14,84	0,4232	46,13	373,77	0,01115	
14,86	0,4238	47,15	374,49	0,01118	
14,88	0,4244	49,78	375,07	0,01124	
14,90	0,4251	49,44	375,70	0,01117	
14,92	0,4258	47,25	376,46	0,01113	
14,94	0,4264	48,65	377,16	0,01121	
14,96	0,4269	51,15	377,80	0,01133	
14,98	0,4275	50,80	378,46	0,01132	
15,00	0,4281	50,37	379,10	0,01127	
15,02	0,4288	50,98	379,81	0,01117	
15,04	0,4296	50,91	380,61	0,01117	
15,06	0,4302	50,78	381,32	0,01122	
15,08	0,4308	52,62	381,91	0,01127	
15,10	0,4315	54,48	382,57	0,01125	
15,12	0,4322	55,96	383,24	0,01127	
15,14	0,4327	58,47	383,94	0,01130	
15,16	0,4333	59,26	384,67	0,01133	
15,18	0,4339	59,60	385,32	0,01127	
15,20	0,4344	60,77	385,98	0,01124	
15,22	0,4350	61,48	386,73	0,01128	
15,24	0,4356	62,00	387,44	0,01129	
15,26	0,4362	63,40	388,10	0,01120	
15,28	0,4367	63,96	388,79	0,01117	
15,30	0,4373	62,90	389,52	0,01121	
15,32	0,4378	64,21	390,14	0,01118	
15,34	0,4383	66,61	390,75	0,01118	
15,36	0,4389	67,34	391,47	0,01123	
15,38	0,4394	68,03	392,17	0,01117	
15,40	0,4399	69,65	392,83	0,01115	
15,42	0,4405	69,89	393,53	0,01124	
15,44	0,4410	69,23	394,24	0,01123	
15,46	0,4414	70,01	394,91	0,01115	
15,48	0,4420	71,83	395,57	0,01106	
15,50	0,4425	72,64	396,29	0,01107	
15,52	0,4430	73,43	396,98	0,01110	
15,54	0,4434	75,17	397,64	0,01107	
15,56	0,4440	75,74	398,36	0,01115	
15,58	0,4445	75,64	399,03	0,01129	
15,60	0,4450	76,82	399,68	0,01125	
15,62	0,4454	76,66	400,41	0,01113	
15,64	0,4459	75,78	401,13	0,01114	
15,66	0,4463	76,62	401,80	0,01124	
15,68	0,4468	77,17	402,48	0,01125	
15,70	0,4472	76,37	403,15	0,01122	
15,72	0,4477	76,85	403,80	0,01127	
15,74	0,4481	77,83	404,47	0,01118	
15,76	0,4486	77,68	405,20	0,01109	
15,78	0,4490	77,49	405,91	0,01114	
15,80	0,4494	78,67	406,57	0,01124	
15,82	0,4500	78,70	407,27	0,01118	
15,84	0,4506	78,05	407,95	0,01113	
15,86	0,4510	79,11	408,61	0,01114	
15,88	0,4515	80,30	409,31	0,01112	
15,90	0,4519	80,37	410,02	0,01109	
15,92	0,4524	80,87	410,69	0,01110	
15,94	0,4528	81,41	411,36	0,01107	
15,96	0,4533	80,57	412,07	0,01107	
15,98	0,4537	80,68	412,75	0,01101	
16,00	0,4541	81,77	413,39	0,01094	
16,02	0,4546	82,05	414,09	0,01099	
16,04	0,4551	82,07	414,80	0,01098	
16,06	0,4555	83,29	415,49	0,01095	
16,08	0,4559	84,03	416,17	0,01100	
16,10	0,4562	84,22	416,85	0,01114	
16,12	0,4566	84,48	417,53	0,01121	
16,14	0,4571	84,98	418,22	0,01125	
16,16	0,4575	84,94	418,91	0,01128	
16,18	0,4580	85,66	419,60	0,01119	
16,20	0,4584	86,21	420,30	0,01106	
16,22	0,4588	87,14	420,98	0,01100	
16,24	0,4592	88,82	421,64	0,01106	
16,26	0,4596	89,64	422,30	0,01120	
16,28	0,4600	89,77	423,00	0,01129	
16,30	0,4604	89,93	423,69	0,01125	
16,32	0,4607	91,18	424,36	0,01120	
16,34	0,4611	91,32	425,10	0,01120	
16,36	0,4616	91,11	425,81	0,01122	
16,38	0,4619	92,47	426,43	0,01120	
16,40	0,4623	94,11	427,10	0,01130	
16,42	0,4627	93,90	427,82	0,01134	
16,44	0,4631	94,11	428,51	0,01130	
16,46	0,4634	94,92	429,16	0,01118	
16,48	0,4638	94,68	429,85	0,01106	
16,50	0,4641	93,68	430,57	0,01107	
16,52	0,4645	94,34	431,25	0,01106	
16,54	0,4648	95,70	431,92	0,01103	
16,56	0,4652	96,70	432,62	0,01105	
16,58	0,4656	97,93	433,31	0,01114	
16,60	0,4660	98,72	433,97	0,01121	
16,62	0,4663	98,98	434,64	0,01122	
16,64	0,4667	98,89	435,35	0,01124	
16,66	0,4670	99,00	436,04	0,01121	
16,68	0,4673	100,15	436,70	0,01120	
16,70	0,4677	100,75	437,38	0,01119	
16,72	0,4680	101,32	438,07	0,01108	
16,74	0,4683	102,03	438,74	0,01103	
16,76	0,4687	102,32	439,43	0,01097	
16,78	0,4690	102,26	440,14	0,01094	
16,80	0,4694	102,39	440,84	0,01103	
16,82	0,4697	103,55	441,50	0,01114	
16,84	0,4700	104,41	442,14	0,01126	
16,86	0,4703	104,64	442,82	0,01120	
16,88	0,4707	104,47	443,54	0,01105	
16,90	0,4709	104,37	444,23	0,01117	
16,92	0,4712	104,43	444,90	0,01124	
16,94	0,4715	104,32	445,60	0,01113	
16,96	0,4719	104,21	446,32	0,01116	
16,98	0,4722	104,94	447,00	0,01126	
17,00	0,4725	105,64	447,66	0,01128	
17,02	0,4729	105,67	448,37	0,01113	
17,04	0,4732	105,76	449,03	0,01103	
17,06	0,4735	107,09	449,66	0,01114	
17,08	0,4737	107,03	450,37	0,01123	
17,10	0,4741	106,19	451,06	0,01116	
17,12	0,4744	106,33	451,73	0,01110	
17,14	0,4747	105,86	452,45	0,01107	
17,16	0,4749	105,13	453,13	0,01103	
17,18	0,4752	105,96	453,80	0,01104	
17,20	0,4755	106,03	454,49	0,01112	
17,22	0,4759	104,95	455,21	0,01123	
17,24	0,4762	104,42	455,87	0,01127	
17,26	0,4764	104,55	456,51	0,01124	
17,28	0,4767	104,52	457,19	0,01111	
17,30	0,4770	104,38	457,90	0,01103	
17,32	0,4774	104,22	458,61	0,01102	
17,34	0,4777	103,78	459,29	0,01105	
17,36	0,4781	103,49	459,98	0,01108	
17,38	0,4784	103,27	460,66	0,01105	
17,40	0,4787	103,74	461,31	0,01103	
17,42	0,4790	103,97	461,99	0,01113	
17,44	0,4793	103,09	462,69	0,01118	
17,46	0,4795	102,51	463,34	0,01110	
17,48	0,4799	102,17	464,03	0,01103	
17,50	0,4802	101,59	464,74	0,01098	
17,52	0,4806	101,39	465,42	0,01102	
17,54	0,4809	101,69	466,11	0,01115	
17,56	0,4813	101,44	466,79	0,01120	
17,58	0,4816	101,21	467,43	0,01111	
17,60	0,4821	100,26	468,15	0,01101	
17,62	0,4823	98,75	468,85	0,01110	
17,64	0,4826	99,09	469,51	0,01119	
17,66	0,4829	98,93	470,22	0,01125	
17,68	0,4833	97,68	470,91	0,01134	
17,70	0,4836	97,13	471,55	0,01136	
17,72	0,4841	95,95	472,28	0,01131	
17,74	0,4845	94,30	473,00	0,01122	
17,76	0,4848	94,83	473,63	0,01124	
17,78	0,4851	95,14	474,28	0,01124	
17,80	0,4855	92,90	475,00	0,01109	
17,82	0,4859	91,43	475,71	0,01107	
17,84	0,4862	91,40	476,40	0,01114	
17,86	0,4866	90,80	477,02	0,01116	
17,88	0,4870	90,27	477,69	0,01111	
17,90	0,4875	89,22	478,45	0,01106	
17,92	0,4879	88,90	479,12	0,01107	
17,94	0,4883	89,43	479,76	0,01116	
17,96	0,4888	87,69	480,52	0,01123	
17,98	0,4892	87,01	481,16	0,01128	
18,00	0,4896	87,85	481,82	0,01124	
18,02	0,4900	86,21	482,59	0,01112	
18,04	0,4904	84,78	483,23	0,01111	
18,06	0,4908	85,20	483,84	0,01112	
18,08	0,4913	83,32	484,58	0,01111	
18,10	0,4917	81,18	485,26	0,01109	
18,12	0,4921	81,63	485,94	0,01109	
18,14	0,4926	80,89	486,66	0,01108	
18,16	0,4930	80,34	487,28	0,01101	
18,18	0,4935	80,71	487,97	0,01100	
18,20	0,4940	79,39	488,73	0,01113	
18,22	0,4944	78,40	489,35	0,01120	
18,24	0,4948	78,98	490,03	0,01128	
18,26	0,4954	77,07	490,75	0,01119	
18,28	0,4958	75,99	491,38	0,01112	
18,30	0,4964	76,25	492,09	0,01122	
18,32	0,4969	74,19	492,81	0,01122	
18,34	0,4973	73,42	493,41	0,01109	
18,36	0,4978	72,67	494,16	0,01104	
18,38	0,4983	70,36	494,90	0,01108	
18,40	0,4986	70,52	495,49	0,01114	
18,42	0,4992	70,23	496,22	0,01125	
18,44	0,4998	67,58	496,91	0,01126	
18,46	0,5002	67,83	497,48	0,01113	
18,48	0,5009	67,30	498,24	0,01110	
18,50	0,5014	64,37	498,99	0,01110	
18,52	0,5019	64,39	499,61	0,01108	
18,54	0,5025	64,29	500,37	0,01112	
18,56	0,5030	62,07	501,02	0,01106	
18,58	0,5035	62,39	501,59	0,01105	
18,60	0,5041	61,80	502,37	0,01119	
18,62	0,5047	58,88	503,10	0,01130	
18,64	0,5053	58,85	503,72	0,01121	
18,66	0,5059	57,68	504,46	0,01111	
18,68	0,5064	54,62	505,10	0,01112	
18,70	0,5069	54,87	505,71	0,01109	
18,72	0,5075	53,58	506,49	0,01116	
18,74	0,5081	50,82	507,16	0,01114	
18,76	0,5087	50,80	507,79	0,01115	
18,78	0,5094	49,97	508,52	0,01117	
18,80	0,5100	48,51	509,14	0,01112	
18,82	0,5107	48,69	509,80	0,01105	
18,84	0,5113	46,64	510,62	0,01104	
18,86	0,5118	44,61	511,29	0,01106	
18,88	0,5124	44,80	511,91	0,01106	
18,90	0,5131	42,38	512,66	0,01109	
18,92	0,5137	40,59	513,28	0,01105	
18,94	0,5144	41,18	513,93	0,01103	
18,96	0,5151	38,56	514,70	0,01108	
18,98	0,5157	36,47	515,33	0,01109	
19,00	0,5164	36,85	516,02	0,01101	
19,02	0,5172	35,08	516,79	0,01106	
19,04	0,5179	33,84	517,38	0,01116	
19,06	0,5187	34,26	518,07	0,01114	
19,08	0,5195	32,16	518,85	0,01114	
19,10	0,5201	31,26	519,45	0,01121	
19,12	0,5208	31,70	520,11	0,01127	
19,14	0,5216	29,29	520,88	0,01118	
19,16	0,5223	27,80	521,52	0,01107	
19,18	0,5231	27,32	522,19	0,01109	
19,20	0,5239	25,32	522,87	0,01116	
19,22	0,5246	24,34	523,48	0,01121	
19,24	0,5254	23,97	524,22	0,01123	
19,26	0,5262	22,69	524,93	0,01115	
19,28	0,5269	24,06	525,49	0,01113	
19,30	0,5277	23,93	526,27	0,01126	
19,32	0,5286	20,72	527,17	0,01134	
19,34	0,5294	20,78	527,74	0,01124	
19,36	0,5301	21,99	528,23	0,01110	
19,38	0,5308	18,02	529,02	0,01106	
19,40	0,5317	13,95	529,78	0,01117	
19,42	0,5324	16,47	530,24	0,01132	
19,44	0,5331	16,98	530,94	0,01137	
19,46	0,5341	11,83	532,04	0,01124	
19,48	0,5350	9,924	532,81	0,01109	
19,50	0,5357	13,12	533,07	0,01098	
19,52	0,5365	13,47	533,50	0,01098	
19,54	0,5375	9,083	534,61	0,01106	
19,56	0,5386	6,343	535,74	0,01118	
19,58	0,5393	8,359	536,17	0,01115	
19,60	0,5398	11,14	536,32	0,01118	
19,62	0,5408	9,247	537,08	0,01123	
19,64	0,5419	4,644	538,30	0,01113	
19,66	0,5429	4,593	539,03	0,01103	
19,68	0,5435	7,185	539,17	0,01099	
19,70	0,5443	6,113	539,61	0,01103	
19,72	0,5454	1,270	540,76	0,01103	
19,74	0,5465	-0,4452	541,86	0,01112	
19,76	0,5472	1,752	542,24	0,01127	
19,78	0,5478	3,157	542,49	0,01126	
19,80	0,5489	-0,7971	543,41	0,01111	
19,82	0,5502	-3,670	544,53	0,01104	
19,84	0,5510	-1,282	545,04	0,01105	
19,86	0,5517	0,8447	545,16	0,01107	
19,88	0,5527	-2,114	545,78	0,01116	
19,90	0,5538	-6,513	547,05	0,01124	
19,92	0,5549	-6,795	548,04	0,01128	
19,94	0,5557	-3,533	548,32	0,01120	
19,96	0,5565	-2,821	548,69	0,01118	
19,98	0,5577	-7,485	549,68	0,01113	
20,00	0,5587	-9,535	550,65	0,01105	
20,02	0,5595	-6,349	551,03	0,01110	
20,04	0,5603	-5,906	551,27	0,01122	
20,06	0,5614	-10,12	552,13	0,01137	
20,08	0,5626	-12,47	553,38	0,01135	
20,10	0,5636	-10,92	554,09	0,01116	
20,12	0,5644	-7,675	554,20	0,01110	
20,14	0,5652	-7,203	554,63	0,01120	
20,16	0,5664	-11,04	555,78	0,01130	
20,18	0,5675	-13,82	556,90	0,01128	
20,20	0,5683	-12,49	557,30	0,01113	
20,22	0,5691	-12,60	557,59	0,01101	
20,24	0,5703	-17,37	558,51	0,01104	
20,26	0,5715	-20,08	559,57	0,01105	
20,28	0,5723	-17,09	560,02	0,01107	
20,30	0,5731	-14,84	560,18	0,01112	
20,32	0,5740	-18,02	560,89	0,01116	
20,34	0,5752	-22,46	562,16	0,01112	
20,36	0,5762	-22,19	563,06	0,01109	
20,38	0,5769	-18,75	563,27	0,01114	
20,40	0,5778	-18,31	563,65	0,01119	
20,42	0,5790	-22,08	564,72	0,01122	
20,44	0,5802	-23,54	565,77	0,01111	
20,46	0,5811	-20,97	566,13	0,01097	
20,48	0,5818	-19,70	566,30	0,01102	
20,50	0,5829	-23,27	567,15	0,01123	
20,52	0,5841	-27,12	568,44	0,01130	
20,54	0,5851	-25,81	569,21	0,01126	
20,56	0,5859	-22,13	569,42	0,01127	
20,58	0,5869	-23,73	569,99	0,01126	
20,60	0,5881	-27,43	571,06	0,01121	
20,62	0,5891	-25,34	571,81	0,01122	
20,64	0,5899	-20,91	572,08	0,01110	
20,66	0,5908	-21,46	572,51	0,01094	
20,68	0,5919	-25,58	573,59	0,01089	
20,70	0,5931	-25,81	574,69	0,01099	
20,72	0,5941	-21,12	575,15	0,01121	
20,74	0,5948	-16,47	575,38	0,01130	
20,76	0,5959	-17,21	576,20	0,01128	
20,78	0,5972	-19,51	577,34	0,01128	
20,80	0,5981	-16,71	577,99	0,01132	
20,82	0,5987	-13,06	578,17	0,01124	
20,84	0,5998	-14,22	578,69	0,01116	
20,86	0,6010	-17,63	579,88	0,01119	
20,88	0,6020	-16,32	580,90	0,01123	
20,90	0,6028	-10,79	581,25	0,01128	
20,92	0,6035	-7,405	581,59	0,01134	
20,94	0,6047	-9,818	582,49	0,01134	
20,96	0,6058	-10,37	583,43	0,01119	
20,98	0,6066	-6,358	583,92	0,01108	
21,00	0,6074	-4,472	584,29	0,01107	
21,02	0,6084	-7,315	585,08	0,01114	
21,04	0,6095	-8,499	586,05	0,01118	
21,06	0,6103	-3,805	586,68	0,01111	
21,08	0,6111	-1,402	587,20	0,01104	
21,10	0,6120	-2,268	587,87	0,01106	
21,12	0,6130	-1,824	588,54	0,01111	
21,14	0,6139	1,503	589,11	0,01115	
21,16	0,6147	2,248	589,82	0,01110	
21,18	0,6156	0,3267	590,62	0,01105	
21,20	0,6165	2,429	591,18	0,01104	
21,22	0,6173	4,976	591,85	0,01114	
21,24	0,6183	3,170	592,84	0,01129	
21,26	0,6191	1,744	593,60	0,01117	
21,28	0,6199	3,628	594,03	0,01103	
21,30	0,6208	2,972	594,62	0,01111	
21,32	0,6218	-0,8242	595,45	0,01120	
21,34	0,6227	0,2669	596,03	0,01120	
21,36	0,6233	3,884	596,52	0,01116	
21,38	0,6243	1,377	597,49	0,01120	
21,40	0,6254	-3,240	598,54	0,01135	
21,42	0,6262	-2,087	599,01	0,01134	
21,44	0,6269	0,8374	599,25	0,01121	
21,46	0,6277	-1,873	600,01	0,01115	
21,48	0,6289	-6,483	601,22	0,01105	
21,50	0,6299	-6,521	601,97	0,01100	
21,52	0,6305	-3,365	602,10	0,01101	
21,54	0,6314	-3,455	602,44	0,01106	
21,56	0,6325	-7,916	603,55	0,01103	
21,58	0,6336	-10,82	604,82	0,01097	
21,60	0,6343	-9,304	605,40	0,01108	
21,62	0,6349	-8,604	605,68	0,01114	
21,64	0,6360	-13,65	606,45	0,01111	
21,66	0,6371	-16,63	607,34	0,01111	
21,68	0,6380	-13,66	607,82	0,01110	
21,70	0,6388	-13,02	608,26	0,01103	
21,72	0,6398	-18,18	609,07	0,01107	
21,74	0,6408	-21,24	609,87	0,01121	
21,76	0,6416	-17,72	610,35	0,01125	
21,78	0,6425	-17,30	611,06	0,01119	
21,80	0,6436	-22,01	612,08	0,01115	
21,82	0,6444	-22,55	612,76	0,01114	
21,84	0,6452	-19,04	613,07	0,01119	
21,86	0,6462	-19,57	613,61	0,01134	
21,88	0,6473	-24,61	614,70	0,01144	
21,90	0,6483	-25,96	615,66	0,01130	
21,92	0,6491	-23,48	616,02	0,01115	
21,94	0,6498	-22,19	616,29	0,01125	
21,96	0,6509	-24,49	617,22	0,01135	
21,98	0,6520	-26,87	618,45	0,01134	
22,00	0,6530	-25,06	619,14	0,01137	
22,02	0,6537	-21,32	619,32	0,01126	
22,04	0,6547	-21,11	619,90	0,01112	
22,06	0,6559	-23,54	620,99	0,01118	
22,08	0,6569	-21,78	621,82	0,01117	
22,10	0,6577	-17,90	622,10	0,01117	
22,12	0,6584	-17,10	622,51	0,01122	
22,14	0,6597	-20,57	623,55	0,01127	
22,16	0,6608	-19,88	624,59	0,01129	
22,18	0,6615	-14,70	625,03	0,01123	
22,20	0,6622	-11,08	625,27	0,01119	
22,22	0,6631	-12,46	626,06	0,01120	
22,24	0,6643	-14,13	627,23	0,01112	
22,26	0,6652	-11,79	627,97	0,01111	
22,28	0,6658	-7,656	628,26	0,01115	
22,30	0,6667	-6,750	628,83	0,01125	
22,32	0,6677	-9,064	629,77	0,01119	
22,34	0,6686	-5,247	630,49	0,01107	
22,36	0,6694	0,1459	630,97	0,01107	
22,38	0,6702	-0,5366	631,58	0,01119	
22,40	0,6711	-3,105	632,34	0,01129	
22,42	0,6719	0,6318	632,96	0,01120	
22,44	0,6728	4,932	633,59	0,01104	
22,46	0,6736	3,636	634,43	0,01098	
22,48	0,6744	3,600	635,15	0,01111	
22,50	0,6752	7,964	635,76	0,01121	
22,52	0,6762	9,665	636,47	0,01118	
22,54	0,6769	10,91	637,09	0,01118	
22,56	0,6776	14,99	637,75	0,01121	
22,58	0,6785	16,25	638,54	0,01115	
22,60	0,6792	17,02	639,19	0,01118	
22,62	0,6799	19,91	639,84	0,01127	
22,64	0,6807	20,24	640,60	0,01122	
22,66	0,6815	21,14	641,25	0,01114	
22,68	0,6823	24,36	641,92	0,01110	
22,70	0,6830	25,37	642,63	0,01105	
22,72	0,6836	25,60	643,23	0,01102	
22,74	0,6843	27,46	643,94	0,01101	
22,76	0,6850	27,92	644,71	0,01103	
22,78	0,6856	29,76	645,30	0,01106	
22,80	0,6863	31,59	646,01	0,01103	
22,82	0,6872	31,35	646,75	0,01108	
22,84	0,6879	33,37	647,34	0,01108	
22,86	0,6887	35,85	648,05	0,01104	
22,88	0,6894	35,17	648,79	0,01102	
22,90	0,6900	36,77	649,42	0,01103	
22,92	0,6907	38,90	650,15	0,01110	
22,94	0,6914	39,18	650,84	0,01119	
22,96	0,6920	40,70	651,44	0,01130	
22,98	0,6926	41,32	652,19	0,01142	
23,00	0,6931	40,12	652,89	0,01139	
23,02	0,6937	41,73	653,48	0,01128	
23,04	0,6944	43,27	654,19	0,01127	
23,06	0,6951	42,21	654,91	0,01124	
23,08	0,6957	43,34	655,56	0,01120	
23,10	0,6963	44,89	656,28	0,01119	
23,12	0,6968	44,82	656,94	0,01119	
23,14	0,6974	45,60	657,60	0,01121	
23,16	0,6981	45,90	658,36	0,01124	
23,18	0,6988	45,76	658,97	0,01120	
23,20	0,6994	47,17	659,61	0,01110	
23,22	0,7000	45,69	660,45	0,01102	
23,24	0,7005	44,68	661,13	0,01103	
23,26	0,7011	46,52	661,76	0,01112	
23,28	0,7017	45,52	662,50	0,01121	
23,30	0,7022	44,06	663,09	0,01116	
23,32	0,7027	45,84	663,73	0,01119	
23,34	0,7035	44,59	664,58	0,01124	
23,36	0,7041	42,94	665,28	0,01123	
23,38	0,7046	44,29	665,85	0,01130	
23,40	0,7051	43,93	666,49	0,01134	
23,42	0,7058	42,58	667,18	0,01125	
23,44	0,7065	43,51	667,87	0,01114	
23,46	0,7071	44,24	668,53	0,01107	
23,48	0,7075	42,79	669,18	0,01110	
23,50	0,7082	41,56	669,94	0,01123	
23,52	0,7089	40,91	670,65	0,01127	
23,54	0,7095	41,57	671,22	0,01129	
23,56	0,7102	41,00	671,93	0,01132	
23,58	0,7109	38,65	672,72	0,01131	
23,60	0,7113	39,44	673,33	0,01123	
23,62	0,7118	40,14	674,04	0,01121	
23,64	0,7126	37,47	674,82	0,01133	
23,66	0,7132	36,81	675,45	0,01123	
23,68	0,7139	36,73	676,15	0,01108	
23,70	0,7146	34,36	676,80	0,01109	
23,72	0,7152	33,88	677,36	0,01119	
23,74	0,7158	33,66	678,12	0,01124	
23,76	0,7163	31,54	678,90	0,01112	
23,78	0,7168	31,35	679,51	0,01102	
23,80	0,7175	31,18	680,23	0,01101	
23,82	0,7183	29,05	680,92	0,01108	
23,84	0,7191	29,55	681,52	0,01114	
23,86	0,7199	29,40	682,28	0,01111	
23,88	0,7206	26,63	682,97	0,01109	
23,90	0,7212	26,46	683,55	0,01105	
23,92	0,7219	26,45	684,32	0,01109	
23,94	0,7226	24,56	685,07	0,01106	
23,96	0,7232	24,91	685,69	0,01104	
23,98	0,7240	24,30	686,40	0,01109	
24,00	0,7246	21,72	687,03	0,01117	
24,02	0,7253	21,54	687,66	0,01125	
24,04	0,7260	20,78	688,44	0,01131	
24,06	0,7268	20,04	689,08	0,01135	
24,08	0,7276	21,28	689,71	0,01127	
24,10	0,7284	19,93	690,50	0,01130	
24,12	0,7290	17,67	691,19	0,01142	
24,14	0,7296	18,03	691,81	0,01145	
24,16	0,7304	16,59	692,55	0,01131	
24,18	0,7311	14,36	693,21	0,01121	
24,20	0,7319	14,01	693,85	0,01116	
24,22	0,7327	12,46	694,60	0,01114	
24,24	0,7334	10,44	695,27	0,01122	
24,26	0,7342	11,08	695,88	0,01128	
24,28	0,7350	10,94	696,61	0,01127	
24,30	0,7358	9,316	697,33	0,01123	
24,32	0,7366	9,540	697,93	0,01130	
24,34	0,7374	9,325	698,61	0,01126	
24,36	0,7382	6,937	699,29	0,01112	
24,38	0,7390	8,075	699,59	0,01106	
24,40	0,7397	14,12	699,52	0,01112	
24,42	0,7404	20,86	699,38	0,01126	
24,44	0,7413	25,44	699,38	0,01142	
24,46	0,7421	29,51	699,47	0,01142	
24,48	0,7428	34,18	699,49	0,01135	
24,50	0,7434	39,13	699,41	0,01126	
24,52	0,7440	43,98	699,35	0,01114	
24,54	0,7447	49,21	699,41	0,01112	
24,56	0,7453	54,30	699,53	0,01112	
24,58	0,7458	60,48	699,51	0,01114	
24,60	0,7462	66,92	699,39	0,01125	
24,62	0,7467	71,90	699,34	0,01127	
24,64	0,7472	75,32	699,45	0,01120	
24,66	0,7477	79,04	699,59	0,01111	
24,68	0,7481	83,78	699,55	0,01105	
24,70	0,7485	88,17	699,41	0,01111	
24,72	0,7489	91,73	699,34	0,01123	
24,74	0,7494	95,05	699,45	0,01132	
24,76	0,7497	98,35	699,60	0,01131	
24,78	0,7500	101,75	699,56	0,01130	
24,80	0,7502	104,75	699,43	0,01122	
24,82	0,7504	107,21	699,36	0,01120	
24,84	0,7507	110,21	699,41	0,01125	
24,86	0,7510	112,19	699,53	0,01138	
24,88	0,7511	113,58	699,52	0,01134	
24,90	0,7512	115,87	699,38	0,01116	
24,92	0,7515	117,77	699,34	0,01106	
24,94	0,7517	118,02	699,50	0,01115	
24,96	0,7519	120,07	699,60	0,01121	
24,98	0,7521	124,04	699,50	0,01122	
25,00	0,7523	126,14	699,38	0,01116	
25,02	0,7524	125,15	699,40	0,01119	
25,04	0,7524	124,96	699,49	0,01132	
25,06	0,7525	127,27	699,48	0,01136	
25,08	0,7527	129,17	699,37	0,01120	
25,10	0,7529	129,07	699,35	0,01113	
25,12	0,7531	129,21	699,49	0,01122	
25,14	0,7531	131,44	699,58	0,01133	
25,16	0,7531	135,12	699,49	0,01132	
25,18	0,7532	136,70	699,37	0,01122	
25,20	0,7535	136,55	699,36	0,01120	
25,22	0,7538	136,29	699,49	0,01134	
25,24	0,7538	136,96	699,54	0,01136	
25,26	0,7537	138,94	699,42	0,01123	
25,28	0,7537	139,62	699,33	0,01118	
25,30	0,7537	138,26	699,45	0,01115	
25,32	0,7538	137,30	699,60	0,01112	
25,34	0,7540	138,83	699,55	0,01122	
25,36	0,7542	140,39	699,41	0,01130	
25,38	0,7543	140,61	699,35	0,01130	
25,40	0,7544	140,61	699,43	0,01118	
25,42	0,7545	141,81	699,52	0,01115	
25,44	0,7544	143,21	699,47	0,01120	
25,46	0,7543	143,28	699,37	0,01118	
25,48	0,7543	143,34	699,37	0,01117	
25,50	0,7544	143,35	699,51	0,01121	
25,52	0,7546	144,52	699,56	0,01129	
25,54	0,7548	146,49	699,46	0,01131	
25,56	0,7549	147,55	699,36	0,01123	
25,58	0,7550	147,54	699,39	0,01123	
25,60	0,7551	147,02	699,55	0,01124	
25,62	0,7551	148,09	699,57	0,01119	
25,64	0,7550	150,01	699,45	0,01115	
25,66	0,7550	150,83	699,36	0,01114	
25,68	0,7550	150,63	699,40	0,01116	
25,70	0,7551	150,04	699,51	0,01118	
25,72	0,7551	150,11	699,49	0,01126	
25,74	0,7550	150,70	699,36	0,01122	
25,76	0,7550	150,31	699,35	0,01113	
25,78	0,7551	148,33	699,55	0,01114	
25,80	0,7552	148,65	699,66	0,01117	
25,82	0,7551	151,75	699,56	0,01124	
25,84	0,7550	153,34	699,41	0,01129	
25,86	0,7553	152,15	699,37	0,01124	
25,88	0,7556	151,75	699,42	0,01123	
25,90	0,7558	151,49	699,47	0,01118	
25,92	0,7558	149,76	699,45	0,01114	
25,94	0,7557	148,52	699,38	0,01113	
25,96	0,7557	149,28	699,37	0,01106	
25,98	0,7558	149,84	699,47	0,01113	
26,00	0,7559	150,45	699,52	0,01126	
26,02	0,7558	152,42	699,44	0,01124	
26,04	0,7557	153,95	699,34	0,01118	
26,06	0,7558	153,51	699,41	0,01116	
26,08	0,7558	151,99	699,57	0,01112	
26,10	0,7558	152,52	699,56	0,01111	
26,12	0,7557	153,91	699,41	0,01115	
26,14	0,7557	153,74	699,37	0,01121	
26,16	0,7558	152,20	699,48	0,01118	
26,18	0,7558	153,64	699,49	0,01112	
26,20	0,7557	155,93	699,36	0,01107	
26,22	0,7557	153,70	699,38	0,01096	
26,24	0,7558	149,64	699,60	0,01074	
26,26	0,7558	150,66	699,68	0,01066	
26,28	0,7557	154,43	699,52	0,01054	
26,30	0,7557	154,74	699,38	0,01014	
26,32	0,7557	152,77	699,40	0,00965	
26,34	0,7558	152,39	699,50	0,00914	
26,36	0,7558	153,29	699,47	0,00875	
26,38	0,7557	153,68	699,35	0,00848	
26,40	0,7559	152,15	699,37	0,00821	
26,42	0,7563	150,41	699,56	0,00790	
26,44	0,7565	151,03	699,63	0,00750	
26,46	0,7564	153,06	699,49	0,00717	
26,48	0,7563	153,62	699,36	0,00694	
26,50	0,7564	152,09	699,39	0,00674	
26,52	0,7565	151,55	699,54	0,00650	
26,54	0,7565	152,70	699,56	0,00616	
26,56	0,7564	153,44	699,45	0,00581	
26,58	0,7563	152,75	699,36	0,00544	
26,60	0,7564	152,96	699,37	0,00520	
26,62	0,7564	153,14	699,48	0,00488	
26,64	0,7565	152,19	699,53	0,00364	
26,66	0,7564	151,45	699,42	0,00044	
26,68	0,7563	152,24	699,32	-0,00269	
26,70	0,7564	151,89	699,47	-0,00483	
26,72	0,7565	151,01	699,69	-0,00660	
26,74	0,7565	152,06	699,68	-0,00883	
26,76	0,7563	153,23	699,50	-0,01046	
26,78	0,7563	152,97	699,40	-0,01127	
26,80	0,7564	152,76	699,39	-0,01154	
26,82	0,7564	153,29	699,39	-0,01162	
26,84	0,7564	151,85	699,44	-0,01173	
26,86	0,7565	148,82	699,48	-0,01174	
26,88	0,7564	147,84	699,43	-0,01164	
26,90	0,7565	149,23	699,37	-0,01168	
26,92	0,7568	150,23	699,40	-0,01177	
26,94	0,7571	150,26	699,49	-0,01177	
26,96	0,7571	151,34	699,49	-0,01188	
26,98	0,7570	153,20	699,38	-0,01203	
27,00	0,7570	153,53	699,34	-0,01211	
27,02	0,7571	151,55	699,51	-0,01205	
27,04	0,7572	150,71	699,63	-0,01209	
27,06	0,7571	152,39	699,53	-0,01224	
27,08	0,7570	153,41	699,39	-0,01223	
27,10	0,7570	152,13	699,37	-0,01216	
27,12	0,7571	150,56	699,48	-0,01238	
27,14	0,7571	150,02	699,52	-0,01243	
27,16	0,7570	150,43	699,41	-0,01223	
27,18	0,7570	150,02	699,32	-0,01231	
27,20	0,7571	148,24	699,50	-0,01239	
27,22	0,7572	147,36	699,70	-0,01231	
27,24	0,7571	149,74	699,62	-0,01257	
27,26	0,7570	151,86	699,43	-0,01281	
27,28	0,7571	149,98	699,45	-0,01265	
27,30	0,7574	148,00	699,56	-0,01244	
27,32	0,7575	150,15	699,49	-0,01260	
27,34	0,7574	151,35	699,37	-0,01267	
27,36	0,7575	147,64	699,41	-0,01253	
27,38	0,7577	144,92	699,53	-0,01258	
27,40	0,7578	146,99	699,50	-0,01262	
27,42	0,7577	149,38	699,36	-0,01249	
27,44	0,7577	148,09	699,36	-0,01249	
27,46	0,7578	145,82	699,56	-0,01272	
27,48	0,7578	146,85	699,65	-0,01267	
27,50	0,7577	149,46	699,52	-0,01256	
27,52	0,7576	149,72	699,37	-0,01276	
27,54	0,7577	148,05	699,41	-0,01290	
27,56	0,7578	147,20	699,51	-0,01279	
27,58	0,7577	148,77	699,45	-0,01288	
27,60	0,7576	148,76	699,32	-0,01302	
27,62	0,7578	144,51	699,49	-0,01288	
27,64	0,7582	141,38	699,78	-0,01271	
27,66	0,7584	143,09	699,78	-0,01288	
27,68	0,7584	146,08	699,57	-0,01294	
27,70	0,7583	146,30	699,41	-0,01276	
27,72	0,7584	145,80	699,43	-0,01277	
27,74	0,7584	146,98	699,44	-0,01285	
27,76	0,7584	147,35	699,36	-0,01282	
27,78	0,7584	145,09	699,38	-0,01288	
27,80	0,7585	142,19	699,53	-0,01308	
27,82	0,7585	142,74	699,57	-0,01291	
27,84	0,7584	146,68	699,43	-0,01263	
27,86	0,7584	148,72	699,32	-0,01280	
27,88	0,7588	146,51	699,50	-0,01308	
27,90	0,7591	144,53	699,69	-0,01298	
27,92	0,7592	145,48	699,63	-0,01294	
27,94	0,7590	146,71	699,44	-0,01307	
27,96	0,7590	145,60	699,36	-0,01291	
27,98	0,7591	145,12	699,43	-0,01276	
28,00	0,7591	146,04	699,47	-0,01303	
28,02	0,7591	146,98	699,41	-0,01314	
28,04	0,7591	146,26	699,36	-0,01295	
28,06	0,7591	144,60	699,42	-0,01297	
28,08	0,7592	144,61	699,50	-0,01312	
28,10	0,7591	147,24	699,46	-0,01295	
28,12	0,7590	149,50	699,33	-0,01281	
28,14	0,7591	148,20	699,38	-0,01296	
28,16	0,7595	145,50	699,58	-0,01300	
28,18	0,7598	146,03	699,62	-0,01292	
28,20	0,7597	148,50	699,47	-0,01311	
28,22	0,7597	148,28	699,36	-0,01326	
28,24	0,7597	146,24	699,40	-0,01323	
28,26	0,7598	145,78	699,51	-0,01527	
28,28	0,7598	146,58	699,50	-0,01019	
28,30	0,7597	147,07	699,35	0,01333	
28,32	0,7597	145,73	699,33	0,02778	
28,34	0,7598	142,70	699,63	0,02556	
28,36	0,7599	142,24	699,84	0,02765	
28,38	0,7598	144,41	699,73	0,03152	
28,40	0,7597	145,28	699,48	0,03308	
28,42	0,7599	144,72	699,35	0,03326	
28,44	0,7603	144,76	699,44	0,03332	
28,46	0,7605	144,71	699,53	0,03362	
28,48	0,7605	144,34	699,46	0,03378	
28,50	0,7603	144,01	699,32	0,03331	
28,52	0,7604	142,74	699,38	0,03256	
28,54	0,7605	141,28	699,66	0,03185	
28,56	0,7605	142,40	699,77	0,03138	
28,58	0,7604	144,21	699,62	0,03095	
28,60	0,7603	144,77	699,40	0,03090	
28,62	0,7606	144,27	699,34	0,03057	
28,64	0,7610	143,35	699,50	0,02998	
28,66	0,7612	142,06	699,64	0,02986	
28,68	0,7611	142,10	699,57	0,02997	
28,70	0,7610	143,43	699,41	0,02989	
28,72	0,7610	143,86	699,38	0,02995	
28,74	0,7611	144,03	699,45	0,03080	
28,76	0,7611	145,06	699,46	0,03155	
28,78	0,7611	144,84	699,39	0,03195	
28,80	0,7611	143,16	699,36	0,03229	
28,82	0,7611	142,16	699,46	0,03270	
28,84	0,7612	142,63	699,57	0,03250	
28,86	0,7614	144,75	699,50	0,03234	
28,88	0,7616	146,33	699,37	0,03240	
28,90	0,7618	145,27	699,39	0,03228	
28,92	0,7619	144,15	699,51	0,03206	
28,94	0,7618	145,47	699,47	0,03212	
28,96	0,7617	146,58	699,33	0,03198	
28,98	0,7617	144,31	699,37	0,03096	
29,00	0,7619	141,13	699,65	0,03035	
29,02	0,7619	141,07	699,79	0,03022	
29,04	0,7618	142,68	699,65	0,02982	
29,06	0,7617	143,98	699,43	0,02921	
29,08	0,7619	144,08	699,36	0,02910	
29,10	0,7623	143,47	699,45	0,02954	
29,12	0,7625	142,16	699,50	0,03005	
29,14	0,7624	141,19	699,41	0,03105	
29,16	0,7624	140,98	699,31	0,03198	
29,18	0,7625	139,87	699,48	0,03231	
29,20	0,7626	139,46	699,71	0,03254	
29,22	0,7625	141,53	699,66	0,03312	
29,24	0,7624	143,58	699,45	0,03345	
29,26	0,7624	142,98	699,37	0,03320	
29,28	0,7627	141,32	699,49	0,03277	
29,30	0,7631	141,81	699,55	0,03258	
29,32	0,7631	143,38	699,43	0,03232	
29,34	0,7631	142,58	699,32	0,03203	
29,36	0,7631	139,11	699,45	0,03182	
29,38	0,7632	138,36	699,64	0,03134	
29,40	0,7632	141,14	699,61	0,03078	
29,42	0,7630	143,15	699,43	0,03040	
29,44	0,7631	141,00	699,40	0,03020	
29,46	0,7632	138,90	699,53	0,02991	
29,48	0,7632	140,34	699,54	0,03000	
29,50	0,7632	142,99	699,40	0,03035	
29,52	0,7634	142,61	699,31	0,03055	
29,54	0,7638	139,07	699,53	0,03070	
29,56	0,7639	138,33	699,74	0,03133	
29,58	0,7638	140,84	699,65	0,03203	
29,60	0,7637	141,69	699,44	0,03228	
29,62	0,7638	139,87	699,38	0,03267	
29,64	0,7638	138,69	699,47	0,03281	
29,66	0,7638	140,00	699,49	0,03315	
29,68	0,7638	140,97	699,37	0,03328	
29,70	0,7641	139,84	699,33	0,03348	
29,72	0,7644	137,63	699,49	0,03336	
29,74	0,7645	138,07	699,59	0,03276	
29,76	0,7645	141,42	699,49	0,03236	
29,78	0,7644	143,18	699,35	0,03177	
29,80	0,7644	140,77	699,42	0,03130	
29,82	0,7646	138,75	699,56	0,03100	
29,84	0,7645	140,47	699,50	0,03123	
29,86	0,7645	141,53	699,35	0,03126	
29,88	0,7648	138,79	699,41	0,03101	
29,90	0,7652	136,15	699,61	0,03104	
29,92	0,7652	137,54	699,62	0,03160	
29,94	0,7651	140,52	699,44	0,03225	
29,96	0,7650	139,98	699,37	0,03267	
29,98	0,7652	137,63	699,49	0,03304	
30,00	0,7652	137,62	699,54	0,03326	
30,02	0,7651	139,40	699,43	0,03358	
30,04	0,7652	138,98	699,32	0,03392	
30,06	0,7655	135,86	699,42	0,03428	
30,08	0,7659	135,12	699,61	0,03458	
30,10	0,7659	137,85	699,60	0,03472	
30,12	0,7658	140,29	699,42	0,03466	
30,14	0,7657	139,74	699,34	0,03434	
30,16	0,7659	137,58	699,49	0,03379	
30,18	0,7659	136,97	699,59	0,03343	
30,20	0,7658	138,45	699,49	0,03307	
30,22	0,7660	138,19	699,35	0,03267	
30,24	0,7664	135,66	699,42	0,03242	
30,26	0,7666	135,14	699,56	0,03239	
30,28	0,7665	137,96	699,51	0,03262	
30,30	0,7664	139,81	699,37	0,03263	
30,32	0,7665	137,70	699,38	0,03258	
30,34	0,7666	135,74	699,53	0,03268	
30,36	0,7666	137,24	699,54	0,03311	
30,38	0,7665	139,91	699,39	0,03352	
30,40	0,7668	139,67	699,36	0,03385	
30,42	0,7672	136,93	699,57	0,03439	
30,44	0,7673	137,07	699,69	0,03466	
30,46	0,7672	139,35	699,57	0,03447	
30,48	0,7671	140,34	699,39	0,03421	
30,50	0,7672	139,22	699,37	0,03426	
30,52	0,7672	139,02	699,47	0,03434	
30,54	0,7672	139,79	699,48	0,03436	
30,56	0,7671	140,18	699,36	0,03433	
30,58	0,7673	138,75	699,35	0,03431	
30,60	0,7677	137,10	699,54	0,03423	
30,62	0,7679	138,25	699,61	0,03440	
30,64	0,7678	141,85	699,46	0,03452	
30,66	0,7677	142,50	699,34	0,03443	
30,68	0,7679	139,39	699,46	0,03422	
30,70	0,7680	138,45	699,59	0,03432	
30,72	0,7679	140,32	699,50	0,03446	
30,74	0,7678	140,81	699,36	0,03437	
30,76	0,7680	138,40	699,41	0,03438	
30,78	0,7684	136,50	699,54	0,03447	
30,80	0,7685	138,19	699,51	0,03460	
30,82	0,7684	139,86	699,36	0,03459	
30,84	0,7685	137,68	699,38	0,03451	
30,86	0,7686	134,97	699,56	0,03430	
30,88	0,7686	136,47	699,60	0,03427	
30,90	0,7685	139,57	699,44	0,03443	
30,92	0,7685	139,72	699,35	0,03447	
30,94	0,7689	137,90	699,46	0,03436	
30,96	0,7692	137,80	699,57	0,03429	
30,98	0,7692	139,49	699,49	0,03433	
31,00	0,7691	140,32	699,33	0,03432	
31,02	0,7691	138,21	699,42	0,03433	
31,04	0,7693	136,40	699,68	0,03443	
31,06	0,7693	137,98	699,71	0,03456	
31,08	0,7692	140,12	699,51	0,03454	
31,10	0,7691	139,83	699,36	0,03444	
31,12	0,7694	138,38	699,41	0,03444	
31,14	0,7698	138,50	699,52	0,03432	
31,16	0,7699	139,16	699,46	0,03425	
31,18	0,7698	139,00	699,32	0,03429	
31,20	0,7698	136,65	699,39	0,03430	
31,22	0,7699	134,53	699,61	0,03430	
31,24	0,7699	136,31	699,64	0,03445	
31,26	0,7698	139,51	699,47	0,03452	
31,28	0,7698	139,73	699,36	0,03436	
31,30	0,7699	137,86	699,46	0,03426	
31,32	0,7699	137,84	699,53	0,03435	
31,34	0,7699	139,66	699,42	0,03441	
31,36	0,7701	139,35	699,32	0,03428	
31,38	0,7705	135,54	699,50	0,03412	
31,40	0,7706	133,25	699,70	0,03407	
31,42	0,7706	135,85	699,64	0,03410	
31,44	0,7705	138,41	699,44	0,03414	
31,46	0,7705	137,57	699,36	0,03416	
31,48	0,7706	136,79	699,45	0,03421	
31,50	0,7706	137,18	699,50	0,03429	
31,52	0,7705	137,50	699,39	0,03429	
31,54	0,7706	136,10	699,32	0,03416	
31,56	0,7710	133,48	699,48	0,03404	
31,58	0,7712	133,27	699,64	0,03405	
31,60	0,7712	136,52	699,57	0,03416	
31,62	0,7711	139,33	699,40	0,03415	
31,64	0,7711	138,71	699,38	0,03412	
31,66	0,7712	137,18	699,50	0,03414	
31,68	0,7712	137,73	699,51	0,03406	
31,70	0,7711	138,64	699,37	0,03399	
31,72	0,7713	137,01	699,34	0,03408	
31,74	0,7718	134,29	699,54	0,03417	
31,76	0,7720	134,66	699,67	0,03414	
31,78	0,7719	138,14	699,54	0,03400	
31,80	0,7718	140,12	699,36	0,03392	
31,82	0,7718	138,73	699,41	0,03388	
31,84	0,7720	137,31	699,57	0,03399	
31,86	0,7719	138,55	699,55	0,03415	
31,88	0,7718	139,24	699,40	0,03422	
31,90	0,7720	137,08	699,37	0,03416	
31,92	0,7724	134,79	699,51	0,03412	
31,94	0,7726	136,25	699,55	0,03406	
31,96	0,7725	139,26	699,42	0,03405	
31,98	0,7724	139,49	699,33	0,03407	
32,00	0,7726	137,03	699,48	0,03399	
32,02	0,7727	136,43	699,63	0,03390	
32,04	0,7726	138,64	699,54	0,03389	
32,06	0,7724	140,19	699,37	0,03388	
32,08	0,7727	138,85	699,38	0,03380	
32,10	0,7731	137,11	699,54	0,03377	
32,12	0,7733	137,79	699,55	0,03388	
32,14	0,7732	139,31	699,40	0,03401	
32,16	0,7732	137,51	699,38	0,03403	
32,18	0,7733	134,92	699,52	0,03402	
32,20	0,7733	136,33	699,55	0,03408	
32,22	0,7731	139,38	699,40	0,03406	
32,24	0,7732	138,57	699,35	0,03392	
32,26	0,7735	135,04	699,51	0,03382	
32,28	0,7738	134,73	699,61	0,03385	
32,30	0,7738	137,57	699,49	0,03393	
32,32	0,7738	138,07	699,33	0,03389	
32,34	0,7739	135,64	699,41	0,03385	
32,36	0,7740	134,53	699,58	0,03381	
32,38	0,7739	135,80	699,55	0,03384	
32,40	0,7738	136,87	699,38	0,03390	
32,42	0,7738	135,54	699,38	0,03393	
32,44	0,7742	133,69	699,55	0,03394	
32,46	0,7745	134,23	699,60	0,03403	
32,48	0,7745	136,43	699,45	0,03410	
32,50	0,7745	136,40	699,36	0,03396	
32,52	0,7746	134,52	699,47	0,03374	
32,54	0,7746	134,93	699,56	0,03366	
32,56	0,7745	137,85	699,46	0,03370	
32,58	0,7745	138,16	699,34	0,03365	
32,60	0,7745	135,53	699,44	0,03364	
32,62	0,7748	134,01	699,59	0,03380	
32,64	0,7751	136,35	699,54	0,03388	
32,66	0,7751	138,13	699,38	0,03390	
32,68	0,7752	136,10	699,37	0,03388	
32,70	0,7753	134,22	699,51	0,03379	
32,72	0,7753	136,18	699,52	0,03373	
32,74	0,7752	138,41	699,37	0,03371	
32,76	0,7752	136,96	699,35	0,03363	
32,78	0,7753	133,56	699,55	0,03362	
32,80	0,7753	133,45	699,65	0,03367	
32,82	0,7753	135,85	699,52	0,03381	
32,84	0,7755	136,77	699,37	0,03386	
32,86	0,7758	135,16	699,43	0,03386	
32,88	0,7760	134,53	699,53	0,03378	
32,90	0,7759	135,95	699,46	0,03368	
32,92	0,7758	136,16	699,33	0,03355	
32,94	0,7759	133,42	699,43	0,03352	
32,96	0,7760	131,08	699,65	0,03371	
32,98	0,7760	132,92	699,64	0,03389	
33,00	0,7760	136,05	699,46	0,03384	
33,02	0,7763	136,19	699,36	0,03366	
33,04	0,7766	134,81	699,44	0,03351	
33,06	0,7767	135,23	699,51	0,03349	
33,08	0,7766	136,22	699,42	0,03368	
33,10	0,7765	135,34	699,31	0,03380	
33,12	0,7766	132,94	699,47	0,03373	
33,14	0,7767	132,22	699,69	0,03364	
33,16	0,7768	134,60	699,65	0,03358	
33,18	0,7770	136,83	699,46	0,03353	
33,20	0,7772	136,40	699,37	0,03348	
33,22	0,7772	135,65	699,41	0,03352	
33,24	0,7773	135,64	699,47	0,03361	
33,26	0,7773	134,81	699,44	0,03365	
33,28	0,7772	133,11	699,38	0,03364	
33,30	0,7772	132,28	699,39	0,03357	
33,32	0,7775	132,65	699,49	0,03349	
33,34	0,7778	133,67	699,51	0,03346	
33,36	0,7779	135,82	699,38	0,03341	
33,38	0,7779	136,02	699,34	0,03342	
33,40	0,7780	133,53	699,52	0,03354	
33,42	0,7780	132,87	699,65	0,03362	
33,44	0,7779	135,20	699,53	0,03362	
33,46	0,7778	136,70	699,38	0,03351	
33,48	0,7780	134,61	699,41	0,03337	
33,50	0,7783	133,40	699,50	0,03343	
33,52	0,7785	135,28	699,43	0,03363	
33,54	0,7785	135,70	699,32	0,03365	
33,56	0,7786	132,13	699,43	0,03351	
33,58	0,7787	130,05	699,61	0,03341	
33,60	0,7786	132,70	699,59	0,03351	
33,62	0,7785	135,82	699,42	0,03356	
33,64	0,7786	134,36	699,37	0,03346	
33,66	0,7790	131,62	699,48	0,03337	
33,68	0,7792	131,84	699,52	0,03336	
33,70	0,7792	133,42	699,39	0,03331	
33,72	0,7792	132,69	699,34	0,03330	
33,74	0,7793	129,48	699,52	0,03332	
33,76	0,7794	129,69	699,64	0,03340	
33,78	0,7793	132,98	699,53	0,03352	
33,80	0,7792	134,29	699,36	0,03347	
33,82	0,7796	132,27	699,39	0,03343	
33,84	0,7799	130,54	699,54	0,03357	
33,86	0,7800	131,69	699,55	0,03354	
33,88	0,7799	133,20	699,39	0,03340	
33,90	0,7799	132,17	699,36	0,03324	
33,92	0,7800	129,75	699,54	0,03316	
33,94	0,7801	130,52	699,61	0,03320	
33,96	0,7800	133,49	699,47	0,03328	
33,98	0,7802	133,45	699,36	0,03331	
34,00	0,7805	131,33	699,43	0,03337	
34,02	0,7807	130,98	699,52	0,03333	
34,04	0,7806	132,63	699,45	0,03326	
34,06	0,7805	133,44	699,33	0,03323	
34,08	0,7806	131,50	699,41	0,03317	
34,10	0,7666	129,75	699,60	0,03306	
34,12	0,7139	131,23	699,60	0,03314	
34,14	0,6718	133,39	699,42	0,03327	
34,16	0,6586	133,12	699,33	0,03326	
34,18	0,6586	130,95	699,49	0,03328	
34,20	0,6597	130,76	699,64	0,03330	
34,22	0,6597	132,65	699,55	0,03336	
34,24	0,6596	133,58	699,38	0,03329	
34,26	0,6596	132,16	699,36	0,03312	
34,28	0,6596	130,77	699,51	0,03305	
34,30	0,6597	131,71	699,56	0,03321	
34,32	0,6597	133,02	699,43	0,03336	
34,34	0,6598	132,22	699,33	0,03324	
34,36	0,6601	130,92	699,47	0,03299	
34,38	0,6604	133,39	699,64	0,03265	
34,40	0,6609	140,74	699,59	0,03234	
34,42	0,6616	150,65	699,42	0,03205	
34,44	0,6629	162,60	699,35	0,03161	
34,46	0,6647	178,38	699,44	0,03093	
34,48	0,6668	200,00	699,50	0,03015	
34,50	0,6692	226,18	699,39	0,02941	
34,52	0,6720	254,39	699,33	0,02843	
34,54	0,6754	285,01	699,51	0,02729	
34,56	0,6792	321,84	699,67	0,02620	
34,58	0,6832	365,15	699,57	0,02502	
34,60	0,6874	411,43	699,38	0,02362	
34,62	0,6924	457,05	699,42	0,02204	
34,64	0,6977	505,21	699,55	0,02035	
34,66	0,7033	559,49	699,50	0,01843	
34,68	0,7092	614,28	699,37	0,01613	
34,70	0,7156	666,37	699,39	0,01344	
34,72	0,7225	719,50	699,52	0,01031	
34,74	0,7298	775,66	699,52	0,00670	
34,76	0,7374	830,35	699,38	0,00242	
34,78	0,7454	879,37	699,33	-0,00268	
34,80	0,7540	923,24	699,51	-0,00834	
34,82	0,7629	964,28	699,66	-0,01429	
34,84	0,7721	1001,9	699,59	-0,02074	
34,86	0,7816	1034,1	699,45	-0,02801	
34,88	0,7916	1060,3	699,37	-0,03589	
34,90	0,8021	1083,2	699,36	-0,04409	
34,92	0,8130	1102,7	699,36	-0,05263	
34,94	0,8243	1116,8	699,38	-0,06160	
34,96	0,8361	1127,0	699,40	-0,07101	
34,98	0,8481	1137,7	699,39	-0,08068	
35,00	0,8604	1148,2	699,37	-0,09067	
35,02	0,8734	1156,2	699,43	-0,1010	
35,04	0,8866	1163,0	699,43	-0,1116	
35,06	0,9001	1170,1	699,28	-0,1226	
35,08	0,9142	1174,9	699,36	-0,1341	
35,10	0,9287	1175,5	699,63	-0,1458	
35,12	0,9435	1179,6	699,49	-0,1578	
35,14	0,9586	1186,5	699,15	-0,1704	
35,16	0,9743	1187,9	699,31	-0,1832	
35,18	0,9905	1185,4	699,86	-0,1963	
35,20	1,007	1186,5	699,97	-0,2097	
35,22	1,024	1191,5	699,57	-0,2238	
35,24	1,041	1192,5	699,40	-0,2384	
35,26	1,059	1190,3	699,69	-0,2533	
35,28	1,077	1193,8	699,80	-0,2683	
35,30	1,095	1200,6	699,54	-0,2839	
35,32	1,114	1201,4	699,38	-0,2998	
35,34	1,133	1197,6	699,57	-0,3158	
35,36	1,153	1198,7	699,70	-0,3317	
35,38	1,172	1204,6	699,53	-0,3478	
35,40	1,192	1206,9	699,36	-0,3642	
35,42	1,212	1204,4	699,45	-0,3805	
35,44	1,233	1204,6	699,60	-0,3968	
35,46	1,252	1208,5	699,55	-0,4129	
35,48	1,272	1211,0	699,39	-0,4292	
35,50	1,292	1210,1	699,36	-0,4456	
35,52	1,313	1209,7	699,48	-0,4620	
35,54	1,333	1212,0	699,55	-0,4784	
35,56	1,352	1214,5	699,45	-0,4949	
35,58	1,372	1215,4	699,33	-0,5115	
35,60	1,392	1215,0	699,40	-0,5280	
35,62	1,413	1214,7	699,60	-0,5445	
35,64	1,433	1217,2	699,63	-0,5610	
35,66	1,452	1220,4	699,50	-0,5775	
35,68	1,472	1221,8	699,38	-0,5942	
35,70	1,492	1222,8	699,36	-0,6108	
35,72	1,513	1223,4	699,46	-0,6274	
35,74	1,532	1222,4	699,52	-0,6441	
35,76	1,552	1222,0	699,44	-0,6607	
35,78	1,572	1223,0	699,35	-0,6774	
35,80	1,593	1224,2	699,39	-0,6941	
35,82	1,613	1224,8	699,54	-0,7108	
35,84	1,632	1226,4	699,57	-0,7274	
35,86	1,652	1229,1	699,46	-0,7440	
35,88	1,672	1230,7	699,35	-0,7609	
35,90	1,693	1231,1	699,40	-0,7779	
35,92	1,713	1231,0	699,55	-0,7946	
35,94	1,732	1231,3	699,55	-0,8112	
35,96	1,752	1232,0	699,44	-0,8279	
35,98	1,772	1231,9	699,39	-0,8448	
36,00	1,793	1231,9	699,45	-0,8616	
36,02	1,813	1233,6	699,51	-0,8785	
36,04	1,832	1235,6	699,45	-0,8953	
36,06	1,852	1236,0	699,34	-0,9121	
36,08	1,872	1235,4	699,36	-0,9290	
36,10	1,893	1234,7	699,52	-0,9459	
36,12	1,913	1235,6	699,58	-0,9626	
36,14	1,932	1238,6	699,48	-0,9795	
36,16	1,952	1240,1	699,38	-0,9965	
36,18	1,973	1240,4	699,36	-1,014	
36,20	1,993	1240,8	699,46	-1,031	
36,22	2,013	1240,2	699,54	-1,047	
36,24	2,032	1240,2	699,47	-1,064	
36,26	2,052	1241,2	699,38	-1,081	
36,28	2,072	1241,8	699,39	-1,099	
36,30	2,092	1241,5	699,50	-1,116	
36,32	2,112	1242,3	699,53	-1,132	
36,34	2,132	1244,2	699,44	-1,150	
36,36	2,152	1245,1	699,36	-1,167	
36,38	2,172	1245,2	699,39	-1,184	
36,40	2,193	1244,9	699,51	-1,201	
36,42	2,212	1244,7	699,53	-1,218	
36,44	2,232	1245,2	699,43	-1,235	
36,46	2,252	1245,5	699,35	-1,252	
36,48	2,272	1245,3	699,43	-1,270	
36,50	2,292	1245,8	699,54	-1,287	
36,52	2,312	1247,5	699,48	-1,304	
36,54	2,332	1248,3	699,38	-1,321	
36,56	2,352	1246,9	699,38	-1,339	
36,58	2,372	1246,4	699,46	-1,356	
36,60	2,392	1247,3	699,48	-1,373	
36,62	2,412	1248,3	699,40	-1,390	
36,64	2,432	1248,1	699,35	-1,408	
36,66	2,453	1247,8	699,43	-1,425	
36,68	2,473	1247,9	699,54	-1,442	
36,70	2,492	1249,3	699,52	-1,460	
36,72	2,512	1250,8	699,42	-1,477	
36,74	2,532	1250,2	699,37	-1,495	
36,76	2,553	1248,9	699,43	-1,512	
36,78	2,573	1249,2	699,49	-1,529	
36,80	2,592	1249,9	699,44	-1,547	
36,82	2,612	1249,6	699,34	-1,564	
36,84	2,632	1248,6	699,41	-1,582	
36,86	2,653	1247,9	699,60	-1,599	
36,88	2,672	1248,8	699,64	-1,616	
36,90	2,692	1250,9	699,49	-1,634	
36,92	2,712	1251,5	699,40	-1,652	
36,94	2,733	1250,8	699,43	-1,669	
36,96	2,752	1251,6	699,45	-1,687	
36,98	2,772	1252,2	699,39	-1,704	
37,00	2,792	1250,8	699,36	-1,722	
37,02	2,812	1247,7	699,45	-1,740	
37,04	2,833	1247,2	699,55	-1,757	
37,06	2,853	1249,6	699,49	-1,775	
37,08	2,872	1251,2	699,38	-1,793	
37,10	2,892	1250,0	699,39	-1,810	
37,12	2,913	1248,7	699,51	-1,828	
37,14	2,933	1249,8	699,52	-1,846	
37,16	2,952	1251,0	699,43	-1,863	
37,18	2,972	1250,0	699,37	-1,881	
37,20	2,992	1248,6	699,43	-1,899	
37,22	3,013	1248,3	699,52	-1,917	
37,24	3,033	1250,1	699,47	-1,934	
37,26	3,052	1250,8	699,36	-1,952	
37,28	3,072	1249,0	699,41	-1,970	
37,30	3,092	1247,3	699,53	-1,988	
37,32	3,113	1248,7	699,50	-2,005	
37,34	3,133	1249,6	699,39	-2,023	
37,36	3,152	1247,6	699,37	-2,041	
37,38	3,172	1245,7	699,48	-2,059	
37,40	3,193	1246,4	699,54	-2,077	
37,42	3,213	1247,9	699,46	-2,095	
37,44	3,232	1247,6	699,37	-2,113	
37,46	3,252	1246,0	699,41	-2,131	
37,48	3,272	1245,1	699,53	-2,149	
37,50	3,293	1246,4	699,53	-2,167	
37,52	3,312	1247,2	699,40	-2,185	
37,54	3,332	1245,8	699,39	-2,203	
37,56	3,352	1243,4	699,51	-2,221	
37,58	3,372	1244,4	699,54	-2,239	
37,60	3,392	1246,8	699,43	-2,257	
37,62	3,412	1245,7	699,37	-2,275	
37,64	3,432	1242,9	699,45	-2,293	
37,66	3,452	1242,4	699,51	-2,311	
37,68	3,472	1244,0	699,45	-2,329	
37,70	3,493	1244,2	699,35	-2,347	
37,72	3,513	1242,2	699,43	-2,365	
37,74	3,532	1240,5	699,58	-2,384	
37,76	3,552	1241,8	699,56	-2,402	
37,78	3,572	1243,9	699,43	-2,420	
37,80	3,593	1242,2	699,43	-2,438	
37,82	3,613	1239,6	699,49	-2,456	
37,84	3,632	1240,7	699,44	-2,475	
37,86	3,652	1240,6	699,37	-2,493	
37,88	3,673	1237,3	699,42	-2,511	
37,90	3,693	1234,6	699,53	-2,529	
37,92	3,713	1236,0	699,50	-2,547	
37,94	3,732	1238,0	699,38	-2,566	
37,96	3,752	1236,9	699,41	-2,584	
37,98	3,773	1235,1	699,56	-2,602	
38,00	3,793	1235,7	699,55	-2,621	
38,02	3,812	1237,4	699,43	-2,639	
38,04	3,832	1235,1	699,47	-2,657	
38,06	3,853	1232,2	699,51	-2,675	
38,08	3,873	1233,7	699,44	-2,694	
38,10	3,892	1234,0	699,37	-2,712	
38,12	3,912	1231,0	699,45	-2,731	
38,14	3,932	1228,8	699,54	-2,749	
38,16	3,953	1229,8	699,47	-2,767	
38,18	3,973	1230,5	699,37	-2,786	
38,20	3,993	1228,2	699,46	-2,804	
38,22	4,012	1226,5	699,58	-2,823	
38,24	4,032	1228,0	699,52	-2,841	
38,26	4,052	1228,9	699,40	-2,860	
38,28	4,073	1226,0	699,46	-2,878	
38,30	4,093	1224,0	699,53	-2,897	
38,32	4,112	1226,1	699,44	-2,915	
38,34	4,132	1225,7	699,41	-2,934	
38,36	4,153	1221,7	699,51	-2,952	
38,38	4,173	1221,4	699,51	-2,971	
38,40	4,192	1223,5	699,40	-2,989	
38,42	4,212	1221,9	699,41	-3,008	
38,44	4,233	1218,5	699,49	-3,026	
38,46	4,253	1218,7	699,46	-3,045	
38,48	4,273	1219,4	699,39	-3,063	
38,50	4,293	1217,3	699,40	-3,082	
38,52	4,312	1215,2	699,53	-3,101	
38,54	4,333	1215,5	699,55	-3,119	
38,56	4,353	1216,6	699,43	-3,138	
38,58	4,372	1214,9	699,42	-3,156	
38,60	4,392	1212,2	699,53	-3,175	
38,62	4,412	1212,3	699,51	-3,194	
38,64	4,432	1214,0	699,40	-3,213	
38,66	4,453	1211,9	699,45	-3,231	
38,68	4,473	1208,7	699,55	-3,250	
38,70	4,492	1209,6	699,48	-3,269	
38,72	4,512	1210,0	699,40	-3,287	
38,74	4,533	1206,4	699,46	-3,306	
38,76	4,553	1204,1	699,48	-3,325	
38,78	4,572	1205,6	699,41	-3,344	
38,80	4,592	1204,8	699,37	-3,363	
38,82	4,612	1200,9	699,48	-3,381	
38,84	4,633	1199,3	699,54	-3,400	
38,86	4,652	1200,8	699,44	-3,419	
38,88	4,672	1200,5	699,38	-3,438	
38,90	4,692	1197,3	699,50	-3,457	
38,92	4,713	1195,9	699,56	-3,475	
38,94	4,733	1197,3	699,46	-3,494	
38,96	4,753	1196,4	699,41	-3,513	
38,98	4,772	1193,1	699,50	-3,532	
39,00	4,792	1192,4	699,52	-3,551	
39,02	4,812	1193,6	699,42	-3,570	
39,04	4,832	1191,9	699,40	-3,589	
39,06	4,852	1188,6	699,46	-3,608	
39,08	4,872	1187,9	699,43	-3,627	
39,10	4,892	1188,6	699,35	-3,646	
39,12	4,912	1185,9	699,48	-3,665	
39,14	4,932	1182,9	699,68	-3,684	
39,16	4,952	1183,0	699,63	-3,702	
39,18	4,972	1184,4	699,46	-3,721	
39,20	4,992	1182,9	699,46	-3,740	
39,22	5,012	1180,5	699,51	-3,759	
39,24	5,032	1180,8	699,43	-3,778	
39,26	5,052	1179,3	699,38	-3,797	
39,28	5,072	1173,7	699,52	-3,816	
39,30	5,092	1170,9	699,59	-3,835	
39,32	5,112	1172,8	699,48	-3,854	
39,34	5,132	1172,4	699,44	-3,874	
39,36	5,152	1169,7	699,50	-3,893	
39,38	5,172	1170,2	699,45	-3,912	
39,40	5,192	1171,2	699,38	-3,931	
39,42	5,212	1167,0	699,49	-3,950	
39,44	5,232	1162,9	699,59	-3,969	
39,46	5,252	1163,9	699,49	-3,988	
39,48	5,272	1163,8	699,44	-4,007	
39,50	5,292	1160,3	699,53	-4,026	
39,52	5,312	1159,5	699,50	-4,046	
39,54	5,332	1160,5	699,41	-4,065	
39,56	5,352	1156,8	699,47	-4,084	
39,58	5,372	1152,8	699,52	-4,104	
39,60	5,392	1153,6	699,44	-4,123	
39,62	5,412	1153,6	699,40	-4,142	
39,64	5,432	1149,5	699,53	-4,161	
39,66	5,452	1147,4	699,58	-4,180	
39,68	5,472	1149,0	699,46	-4,199	
39,70	5,492	1146,8	699,48	-4,219	
39,72	5,512	1142,2	699,63	-4,238	
39,74	5,532	1141,5	699,59	-4,257	
39,76	5,552	1143,4	699,46	-4,276	
39,78	5,572	1140,4	699,61	-4,295	
39,80	5,593	1135,9	699,78	-4,315	
39,82	5,612	1135,7	699,66	-4,334	
39,84	5,632	1136,0	699,49	-4,353	
39,86	5,652	1132,2	699,47	-4,373	
39,88	5,672	1129,2	699,42	-4,392	
39,90	5,692	1129,2	699,35	-4,411	
39,92	5,712	1125,8	699,53	-4,431	
39,94	5,732	1120,9	699,71	-4,450	
39,96	5,752	1120,7	699,61	-4,469	
39,98	5,772	1121,9	699,47	-4,489	
40,00	5,792	1118,9	699,59	-4,508	
40,02	5,812	1116,6	699,66	-4,527	
40,04	5,832	1117,7	699,51	-4,546	
40,06	5,852	1115,7	699,52	-4,566	
40,08	5,873	1109,6	699,73	-4,585	
40,10	5,892	1107,7	699,70	-4,604	
40,12	5,912	1108,9	699,52	-4,624	
40,14	5,932	1106,2	699,64	-4,643	
40,16	5,952	1101,4	699,86	-4,663	
40,18	5,972	1101,0	699,77	-4,682	
40,20	5,992	1101,5	699,53	-4,701	
40,22	6,012	1097,5	699,56	-4,721	
40,24	6,032	1092,9	699,71	-4,740	
40,26	6,052	1092,5	699,61	-4,760	
40,28	6,072	1092,0	699,49	-4,779	
40,30	6,092	1087,0	699,70	-4,799	
40,32	6,112	1082,5	699,83	-4,818	
40,34	6,132	1082,6	699,65	-4,838	
40,36	6,152	1082,7	699,51	-4,857	
40,38	6,172	1077,9	699,76	-4,877	
40,40	6,192	1074,4	699,92	-4,896	
40,42	6,212	1074,2	699,74	-4,916	
40,44	6,232	1072,8	699,52	-4,935	
40,46	6,252	1067,6	699,67	-4,954	
40,48	6,273	1064,2	699,81	-4,974	
40,50	6,292	1064,5	699,66	-4,993	
40,52	6,312	1063,5	699,52	-5,013	
40,54	6,332	1057,9	699,67	-5,032	
40,56	6,352	1054,4	699,73	-5,052	
40,58	6,372	1055,3	699,55	-5,071	
40,60	6,392	1053,6	699,60	-5,091	
40,62	6,412	1047,4	699,87	-5,110	
40,64	6,432	1044,5	699,88	-5,130	
40,66	6,452	1045,6	699,61	-5,149	
40,68	6,472	1043,8	699,58	-5,169	
40,70	6,492	1037,7	699,90	-5,188	
40,72	6,512	1034,9	699,99	-5,208	
40,74	6,532	1034,4	699,74	-5,227	
40,76	6,552	1033,1	699,54	-5,247	
40,78	6,572	1028,3	699,78	-5,266	
40,80	6,592	1025,4	699,96	-5,286	
40,82	6,612	1024,1	699,79	-5,306	
40,84	6,632	1022,2	699,54	-5,325	
40,86	6,652	1016,9	699,65	-5,345	
40,88	6,672	1012,1	699,82	-5,364	
40,90	6,692	1011,1	699,70	-5,384	
40,92	6,712	1010,1	699,50	-5,403	
40,94	6,732	1005,1	699,65	-5,423	
40,96	6,752	1000,5	699,79	-5,442	
40,98	6,772	999,89	699,63	-5,462	
41,00	6,792	998,45	699,52	-5,482	
41,02	6,812	992,00	699,79	-5,501	
41,04	6,832	987,50	699,95	-5,521	
41,06	6,852	987,31	699,75	-5,540	
41,08	6,872	986,32	699,53	-5,560	
41,10	6,892	980,72	699,68	-5,580	
41,12	6,913	976,12	699,81	-5,599	
41,14	6,932	974,89	699,63	-5,619	
41,16	6,952	972,80	699,54	-5,638	
41,18	6,972	966,09	699,88	-5,658	
41,20	6,992	961,27	700,08	-5,678	
41,22	7,012	960,22	699,89	-5,697	
41,24	7,032	958,57	699,57	-5,717	
41,26	7,052	954,20	699,66	-5,737	
41,28	7,072	949,58	700,02	-5,756	
41,30	7,092	946,82	700,03	-5,776	
41,32	7,112	943,78	699,73	-5,795	
41,34	7,132	940,20	699,54	-5,815	
41,36	7,152	934,34	699,86	-5,835	
41,38	7,172	930,64	700,11	-5,855	
41,40	7,192	928,40	699,95	-5,874	
41,42	7,212	925,36	699,61	-5,894	
41,44	7,232	920,35	699,63	-5,914	
41,46	7,252	915,12	699,98	-5,933	
41,48	7,272	912,16	700,04	-5,953	
41,50	7,292	909,44	699,75	-5,973	
41,52	7,312	906,23	699,55	-5,992	
41,54	7,332	899,63	699,87	-6,012	
41,56	7,352	895,07	700,11	-6,032	
41,58	7,372	892,36	699,95	-6,051	
41,60	7,392	889,30	699,61	-6,071	
41,62	7,412	884,50	699,61	-6,091	
41,64	7,432	878,30	700,04	-6,110	
41,66	7,452	874,64	700,19	-6,130	
41,68	7,472	871,68	699,95	-6,150	
41,70	7,492	868,23	699,60	-6,169	
41,72	7,512	863,69	699,60	-6,189	
41,74	7,532	858,94	699,86	-6,209	
41,76	7,552	855,32	699,84	-6,229	
41,78	7,572	852,30	699,59	-6,248	
41,80	7,592	846,97	699,59	-6,268	
41,82	7,612	839,58	699,86	-6,288	
41,84	7,632	836,03	699,87	-6,308	
41,86	7,652	834,45	699,61	-6,327	
41,88	7,672	829,85	699,58	-6,347	
41,90	7,692	821,95	699,88	-6,367	
41,92	7,712	817,74	699,94	-6,387	
41,94	7,732	815,28	699,68	-6,407	
41,96	7,752	811,08	699,58	-6,426	
41,98	7,772	802,74	699,91	-6,446	
42,00	7,792	797,11	700,06	-6,466	
42,02	7,812	794,20	699,83	-6,485	
42,04	7,832	790,38	699,56	-6,501	
42,06	7,852	782,36	699,82	-6,518	
42,08	7,872	775,28	700,18	-6,537	
42,10	7,892	771,17	700,12	-6,557	
42,12	7,912	766,51	699,77	-6,576	
42,14	7,932	760,84	699,54	-6,596	
42,16	7,952	753,83	699,86	-6,616	
42,18	7,972	748,07	700,15	-6,636	
42,20	7,992	742,67	700,02	-6,656	
42,22	8,012	737,11	699,66	-6,676	
42,24	8,032	731,51	699,65	-6,696	
42,26	8,052	724,35	700,17	-6,718	
42,28	8,072	718,45	700,42	-6,742	
42,30	8,092	712,75	700,21	-6,764	
42,32	8,112	706,27	699,79	-6,785	
42,34	8,132	699,25	699,56	-6,804	
42,36	8,152	691,67	699,94	-6,825	
42,38	8,172	683,61	700,29	-6,845	
42,40	8,192	676,16	700,20	-6,864	
42,42	8,212	669,34	699,83	-6,884	
42,44	8,232	663,50	699,56	-6,904	
42,46	8,252	657,45	699,80	-6,924	
42,48	8,272	650,21	700,08	-6,944	
42,50	8,292	642,87	699,97	-6,964	
42,52	8,312	636,26	699,64	-6,984	
42,54	8,332	628,88	699,61	-7,005	
42,56	8,352	619,09	700,04	-7,025	
42,58	8,372	611,23	700,21	-7,045	
42,60	8,392	603,41	699,99	-7,065	
42,62	8,412	594,82	699,62	-7,085	
42,64	8,432	585,69	699,65	-7,105	
42,66	8,452	575,41	700,14	-7,126	
42,68	8,472	565,30	700,34	-7,146	
42,70	8,492	555,42	700,11	-7,166	
42,72	8,512	545,45	699,72	-7,186	
42,74	8,532	535,06	699,56	-7,207	
42,76	8,552	524,39	699,80	-7,228	
42,78	8,572	513,77	699,90	-7,248	
42,80	8,592	503,58	699,67	-7,269	
42,82	8,612	492,59	699,61	-7,290	
42,84	8,632	476,66	700,16	-7,311	
42,86	8,652	460,82	700,54	-7,332	
42,88	8,672	446,76	700,42	-7,352	
42,90	8,692	432,22	700,04	-7,373	
42,92	8,712	417,04	699,63	-7,394	
42,94	8,732	402,57	699,68	-7,415	
42,96	8,752	385,04	700,10	-7,437	
42,98	8,772	364,91	700,20	-7,458	
43,00	8,792	344,16	699,93	-7,480	
43,02	8,812	322,37	699,60	-7,503	
43,04	8,832	295,68	699,80	-7,527	
43,06	8,852	263,90	700,31	-7,550	
43,08	8,872	229,71	700,39	-7,571	
43,10	8,892	195,04	700,08	-7,591	
43,12	8,912	162,94	699,68	-7,611	
43,14	8,932	137,06	699,71	-7,630	
43,16	8,952	115,93	700,58	-7,648	
43,18	8,972	95,78	701,11	-7,659	
43,20	8,991	75,89	700,93	-7,665	
43,22	9,007	57,43	700,47	-7,667	
43,24	9,019	41,54	700,00	-7,669	
43,26	9,025	32,15	699,63	-7,670	
43,28	9,028	28,49	699,91	-7,671	
43,30	9,029	23,67	700,63	-7,671	
43,32	9,030	18,56	700,82	-7,671	
43,34	9,030	14,50	700,50	-7,671	
43,36	9,030	11,14	700,03	-7,671	
43,38	9,030	9,238	699,62	-7,672	
43,40	9,030	10,67	700,04	-7,670	
43,42	9,030	10,37	700,93	-7,666	
43,44	9,030	8,570	701,11	-7,664	
43,46	9,030	6,431	700,73	-7,663	
43,48	9,030	4,078	700,23	-7,664	
43,50	9,030	1,910	699,78	-7,664	
43,52	9,030	1,166	699,39	-7,664	
43,54	9,030	0,2225	699,04	-7,665	
43,56	9,030	-0,7653	698,69	-7,665	
43,58	9,030	-2,397	698,35	-7,665	
43,60	9,030	-3,792	698,00	-7,666	
43,62	9,031	-4,380	697,67	-7,666	
43,64	9,030	-4,510	697,36	-7,666	
43,66	9,030	-4,423	697,06	-7,666	
43,68	9,030	-4,317	696,76	-7,667	
43,70	9,030	-4,343	696,47	-7,667	
43,72	9,030	-4,450	696,18	-7,667	
43,74	9,030	-4,461	695,89	-7,667	
43,76	9,031	-4,316	695,59	-7,668	
43,78	9,031	-4,228	695,30	-7,668	
43,80	9,030	-4,237	695,01	-7,668	
43,82	9,030	-4,225	694,71	-7,669	
43,84	9,031	-4,274	694,41	-7,669	
43,86	9,031	-4,275	694,11	-7,669	
43,88	9,031	-4,286	693,81	-7,669	
43,90	9,031	-4,332	693,51	-7,670	
43,92	9,031	-4,323	693,21	-7,670	
43,94	9,031	-4,313	692,90	-7,670	
43,96	9,031	-4,342	692,59	-7,670	
43,98	9,031	-4,433	692,27	-7,671	
44,00	9,031	-4,421	691,95	-7,671	
44,02	9,031	-4,373	691,62	-7,671	
44,04	9,031	-4,360	691,29	-7,671	
44,06	9,031	-4,372	690,95	-7,672	
44,08	9,031	-4,342	690,61	-7,672	
44,10	9,031	-4,290	690,23	-7,672	
44,12	9,031	-4,297	689,84	-7,673	
44,14	9,031	-4,230	689,46	-7,673	
44,16	9,031	-4,206	689,08	-7,673	
44,18	9,031	-4,217	688,70	-7,673	
44,20	9,031	-4,259	688,30	-7,673	
44,22	9,031	-4,300	687,89	-7,674	
44,24	9,031	-4,290	687,47	-7,674	
44,26	9,030	-4,213	687,05	-7,674	
44,28	9,030	-4,227	686,61	-7,674	
44,30	9,031	-4,311	686,17	-7,675	
44,32	9,030	-4,357	685,74	-7,675	
44,34	9,030	-4,395	685,32	-7,675	
44,36	9,030	-4,461	684,89	-7,675	
44,38	9,030	-4,475	684,46	-7,676	
44,40	9,031	-4,340	684,02	-7,676	
44,42	9,031	-4,280	683,56	-7,676	
44,44	9,031	-4,622	683,11	-7,676	
44,46	9,031	-5,735	682,66	-7,677	
44,48	9,031	-5,618	682,19	-7,677	
44,50	9,031	-4,826	681,72	-7,677	
44,52	9,031	-4,379	681,26	-7,677	
44,54	9,031	-4,279	680,79	-7,678	
44,56	9,031	-4,276	680,32	-7,678	
44,58	9,031	-4,216	679,84	-7,678	
44,60	9,031	-5,011	679,36	-7,678	
44,62	9,031	-5,763	678,88	-7,679	
44,64	9,031	-5,184	678,39	-7,679	
44,66	9,031	-5,308	677,91	-7,679	
44,68	9,031	-5,716	677,43	-7,679	
44,70	9,031	-4,969	676,94	-7,680	
44,72	9,031	-4,287	676,45	-7,680	
44,74	9,031	-4,130	675,96	-7,680	
44,76	9,031	-4,144	675,47	-7,681	
44,78	9,031	-4,231	674,99	-7,681	
44,80	9,031	-4,571	674,51	-7,681	
44,82	9,031	-5,901	674,02	-7,681	
44,84	9,031	-6,327	673,53	-7,682	
44,86	9,030	-6,146	673,03	-7,682	
44,88	9,030	-6,015	672,52	-7,682	
44,90	9,031	-5,100	672,04	-7,682	
44,92	9,031	-4,432	671,56	-7,683	
44,94	9,031	-4,225	671,07	-7,683	
44,96	9,031	-4,174	670,56	-7,683	
44,98	9,031	-4,137	670,06	-7,683	
45,00	9,031	-4,084	669,55	-7,684	
45,02	9,031	-4,927	669,06	-7,684	
45,04	9,031	-6,530	668,56	-7,684	
45,06	9,031	-7,371	668,07	-7,684	
45,08	9,031	-6,767	667,58	-7,685	
45,10	9,031	-5,286	667,09	-7,685	
45,12	9,031	-4,384	666,60	-7,685	
45,14	9,031	-4,125	666,10	-7,685	
45,16	9,031	-4,090	665,59	-7,686	
45,18	9,031	-4,038	665,08	-7,686	
45,20	9,030	-4,026	664,56	-7,686	
45,22	9,030	-4,102	664,05	-7,686	
45,24	9,031	-4,180	663,54	-7,686	
45,26	9,031	-4,211	663,03	-7,687	
45,28	9,031	-4,209	662,52	-7,687	
45,30	9,031	-4,230	662,03	-7,687	
45,32	9,031	-4,193	661,52	-7,687	
45,34	9,030	-4,175	661,02	-7,687	
45,36	9,031	-4,216	660,52	-7,688	
45,38	9,031	-4,186	660,02	-7,688	
45,40	9,031	-4,169	659,52	-7,689	
45,42	9,031	-4,182	659,01	-7,689	
45,44	9,031	-4,217	658,50	-7,689	
45,46	9,031	-4,244	658,00	-7,689	
45,48	9,031	-4,254	657,50	-7,689	
45,50	9,031	-4,572	656,98	-7,690	
45,52	9,031	-6,013	656,46	-7,690	
45,54	9,031	-6,723	655,96	-7,690	
45,56	9,031	-7,000	655,46	-7,691	
45,58	9,031	-7,391	654,96	-7,691	
45,60	9,031	-7,389	654,47	-7,691	
45,62	9,031	-6,361	653,97	-7,691	
45,64	9,031	-6,458	653,46	-7,691	
45,66	9,031	-7,274	652,97	-7,692	
45,68	9,031	-7,716	652,47	-7,692	
45,70	9,030	-7,830	651,93	-7,692	
45,72	9,030	-7,841	651,40	-7,692	
45,74	9,030	-7,848	650,87	-7,693	
45,76	9,031	-7,793	650,36	-7,693	
45,78	9,031	-7,698	649,86	-7,693	
45,80	9,031	-7,691	649,35	-7,693	
45,82	9,030	-7,725	648,83	-7,693	
45,84	9,030	-7,501	648,32	-7,694	
45,86	9,030	-6,464	647,82	-7,694	
45,88	9,031	-5,930	647,32	-7,694	
45,90	9,031	-5,914	646,82	-7,695	
45,92	9,030	-6,313	646,32	-7,695	
45,94	9,031	-5,936	645,82	-7,695	
45,96	9,030	-5,501	645,33	-7,695	
45,98	9,031	-4,881	644,84	-7,695	
46,00	9,031	-4,453	644,34	-7,696	
46,02	9,031	-4,264	643,83	-7,696	
46,04	9,030	-4,253	643,33	-7,696	
46,06	9,030	-4,272	642,84	-7,696	
46,08	9,031	-4,279	642,37	-7,696	
46,10	9,031	-4,316	641,90	-7,697	
46,12	9,031	-4,289	641,42	-7,697	
46,14	9,031	-4,296	640,93	-7,697	
46,16	9,031	-4,380	640,43	-7,697	
46,18	9,031	-4,383	639,94	-7,698	
46,20	9,030	-4,316	639,46	-7,698	
46,22	9,030	-4,237	638,97	-7,698	
46,24	9,031	-4,203	638,47	-7,698	
46,26	9,031	-4,289	637,95	-7,699	
46,28	9,031	-4,614	637,44	-7,699	
46,30	9,031	-5,722	636,93	-7,699	
46,32	9,031	-5,590	636,41	-7,699	
46,34	9,031	-4,736	635,91	-7,700	
46,36	9,030	-4,283	635,41	-7,700	
46,38	9,030	-4,237	634,91	-7,700	
46,40	9,030	-4,245	634,40	-7,700	
46,42	9,030	-4,146	633,90	-7,700	
46,44	9,030	-4,149	633,41	-7,701	
46,46	9,031	-4,237	632,91	-7,701	
46,48	9,031	-4,294	632,42	-7,701	
46,50	9,031	-4,267	631,94	-7,701	
46,52	9,031	-4,296	631,46	-7,702	
46,54	9,030	-4,301	630,97	-7,702	
46,56	9,030	-4,201	630,48	-7,702	
46,58	9,030	-4,123	629,98	-7,702	
46,60	9,031	-4,131	629,49	-7,702	
46,62	9,031	-4,236	628,99	-7,703	
46,64	9,031	-4,312	628,50	-7,703	
46,66	9,031	-4,300	628,03	-7,703	
46,68	9,031	-4,258	627,56	-7,703	
46,70	9,031	-4,244	627,08	-7,704	
46,72	9,030	-4,207	626,58	-7,704	
46,74	9,030	-4,225	626,09	-7,704	
46,76	9,030	-4,326	625,60	-7,704	
46,78	9,030	-4,401	625,10	-7,705	
46,80	9,030	-4,384	624,61	-7,705	
46,82	9,030	-4,584	624,11	-7,705	
46,84	9,030	-5,121	623,62	-7,705	
46,86	9,030	-4,892	623,14	-7,706	
46,88	9,030	-4,484	622,65	-7,706	
46,90	9,030	-4,277	622,15	-7,706	
46,92	9,030	-4,263	621,65	-7,706	
46,94	9,030	-4,317	621,17	-7,707	
46,96	9,031	-4,346	620,68	-7,707	
46,98	9,030	-5,124	620,20	-7,707	
47,00	9,030	-6,623	619,72	-7,707	
47,02	9,030	-7,480	619,25	-7,707	
47,04	9,031	-7,734	618,77	-7,707	
47,06	9,031	-7,772	618,31	-7,708	
47,08	9,031	-7,508	617,83	-7,708	
47,10	9,030	-6,108	617,34	-7,708	
47,12	9,030	-4,850	616,85	-7,708	
47,14	9,030	-4,402	616,37	-7,708	
47,16	9,030	-4,408	615,90	-7,709	
47,18	9,030	-4,438	615,44	-7,709	
47,20	9,030	-4,429	614,98	-7,709	
47,22	9,031	-4,441	614,51	-7,709	
47,24	9,030	-4,462	614,03	-7,710	
47,26	9,030	-4,439	613,54	-7,710	
47,28	9,030	-4,344	613,05	-7,710	
47,30	9,030	-4,261	612,57	-7,710	
47,32	9,030	-4,223	612,09	-7,711	
47,34	9,030	-4,295	611,63	-7,711	
47,36	9,030	-4,386	611,17	-7,711	
47,38	9,031	-4,388	610,71	-7,711	
47,40	9,031	-4,342	610,25	-7,711	
47,42	9,031	-4,332	609,79	-7,712	
47,44	9,031	-4,327	609,33	-7,712	
47,46	9,031	-4,294	608,86	-7,712	
47,48	9,031	-4,237	608,40	-7,712	
47,50	9,030	-4,238	607,93	-7,712	
47,52	9,030	-4,264	607,46	-7,713	
47,54	9,031	-4,351	607,00	-7,713	
47,56	9,030	-4,374	606,54	-7,713	
47,58	9,030	-4,382	606,08	-7,713	
47,60	9,030	-4,320	605,62	-7,713	
47,62	9,030	-4,284	605,15	-7,714	
47,64	9,031	-4,278	604,68	-7,714	
47,66	9,030	-4,291	604,22	-7,714	
47,68	9,030	-4,329	603,77	-7,714	
47,70	9,030	-4,334	603,30	-7,715	
47,72	9,030	-4,365	602,83	-7,715	
47,74	9,030	-4,353	602,36	-7,715	
47,76	9,030	-4,307	601,91	-7,715	
47,78	9,031	-4,298	601,46	-7,715	
47,80	9,031	-4,330	601,00	-7,716	
47,82	9,031	-4,355	600,53	-7,716	
47,84	9,030	-4,342	600,05	-7,716	
47,86	9,030	-4,582	599,58	-7,716	
47,88	9,030	-5,931	599,14	-7,716	
47,90	9,031	-7,244	598,73	-7,717	
47,92	9,031	-7,751	598,31	-7,717	
47,94	9,030	-7,866	597,88	-7,717	
47,96	9,031	-7,810	597,42	-7,717	
47,98	9,031	-7,731	596,94	-7,717	
48,00	9,031	-7,732	596,47	-7,718	
48,02	9,031	-7,763	596,03	-7,718	
48,04	9,030	-7,729	595,59	-7,718	
48,06	9,030	-7,520	595,13	-7,718	
48,08	9,031	-6,185	594,67	-7,718	
48,10	9,031	-4,865	594,22	-7,719	
48,12	9,030	-4,356	593,79	-7,719	
48,14	9,030	-4,315	593,36	-7,719	
48,16	9,030	-4,603	592,92	-7,719	
48,18	9,030	-5,924	592,48	-7,720	
48,20	9,030	-7,201	592,03	-7,720	
48,22	9,030	-7,504	591,59	-7,720	
48,24	9,030	-6,224	591,16	-7,720	
48,26	9,030	-4,881	590,69	-7,720	
48,28	9,030	-4,394	590,22	-7,720	
48,30	9,030	-4,276	589,75	-7,721	
48,32	9,030	-4,297	589,29	-7,721	
48,34	9,030	-5,079	588,82	-7,721	
48,36	9,030	-6,583	588,36	-7,721	
48,38	9,030	-7,433	587,93	-7,721	
48,40	9,030	-7,611	587,48	-7,722	
48,42	9,030	-6,904	587,02	-7,722	
48,44	9,031	-5,434	586,57	-7,722	
48,46	9,030	-4,552	586,12	-7,722	
48,48	9,031	-4,349	585,68	-7,723	
48,50	9,031	-4,399	585,23	-7,723	
48,52	9,031	-4,397	584,79	-7,723	
48,54	9,030	-4,355	584,36	-7,723	
48,56	9,030	-4,349	583,92	-7,723	