Zeit  1 - Standardmessrate [s]	ZwickWeg [mm]	ZwickKraft [N]	Pyrometer [°C]	Maytec [mm]
0	-0,1571	168,74	150,03	-0,02561	
0,02000	-0,1571	168,73	150,03	-0,02572	
0,04000	-0,1571	168,75	150,03	-0,02577	
0,06000	-0,1571	168,80	150,03	-0,02584	
0,08000	-0,1571	168,90	150,03	-0,02578	
0,1000	-0,1571	168,92	150,03	-0,02568	
0,1200	-0,1571	168,89	150,03	-0,02567	
0,1400	-0,1571	168,92	150,03	-0,02566	
0,1600	-0,1571	168,95	150,03	-0,02574	
0,1800	-0,1571	168,99	150,03	-0,02585	
0,2000	-0,1571	168,96	150,03	-0,02586	
0,2200	-0,1571	168,87	150,03	-0,02577	
0,2400	-0,1571	168,82	150,03	-0,02568	
0,2600	-0,1571	168,76	150,03	-0,02569	
0,2800	-0,1571	168,79	150,03	-0,02571	
0,3000	-0,1571	168,84	150,03	-0,02577	
0,3200	-0,1571	168,80	150,03	-0,02587	
0,3400	-0,1571	168,72	150,03	-0,02587	
0,3600	-0,1570	168,70	150,03	-0,02575	
0,3800	-0,1570	168,73	150,03	-0,02570	
0,4000	-0,1570	168,77	150,03	-0,02564	
0,4200	-0,1570	168,77	150,03	-0,02562	
0,4400	-0,1571	168,79	150,03	-0,02574	
0,4600	-0,1571	168,86	150,03	-0,02590	
0,4800	-0,1571	168,90	150,03	-0,02594	
0,5000	-0,1571	168,92	150,03	-0,02589	
0,5200	-0,1571	168,87	150,03	-0,02577	
0,5400	-0,1571	168,81	150,03	-0,02564	
0,5600	-0,1571	168,83	150,03	-0,02562	
0,5800	-0,1571	168,89	150,03	-0,02570	
0,6000	-0,1571	168,90	150,03	-0,02581	
0,6200	-0,1570	168,82	150,03	-0,02589	
0,6400	-0,1570	168,82	150,03	-0,02585	
0,6600	-0,1571	168,86	150,03	-0,02580	
0,6800	-0,1570	168,86	150,03	-0,02570	
0,7000	-0,1571	168,82	150,03	-0,02569	
0,7200	-0,1571	168,77	150,03	-0,02571	
0,7400	-0,1571	168,74	150,03	-0,02575	
0,7600	-0,1571	168,77	150,03	-0,02584	
0,7800	-0,1570	168,82	150,03	-0,02589	
0,8000	-0,1571	168,82	150,03	-0,02576	
0,8200	-0,1571	168,83	150,03	-0,02564	
0,8400	-0,1571	168,84	150,03	-0,02560	
0,8600	-0,1571	168,85	150,03	-0,02568	
0,8800	-0,1571	168,84	150,03	-0,02583	
0,9000	-0,1571	168,83	150,03	-0,02594	
0,9200	-0,1571	168,77	150,03	-0,02592	
0,9400	-0,1571	168,72	150,03	-0,02583	
0,9600	-0,1571	168,72	150,03	-0,02574	
0,9800	-0,1571	168,80	150,03	-0,02565	
1,000	-0,1571	168,79	150,03	-0,02565	
1,020	-0,1571	168,78	150,03	-0,02576	
1,040	-0,1571	168,85	150,03	-0,02585	
1,060	-0,1571	168,92	150,03	-0,02583	
1,080	-0,1571	168,95	150,03	-0,02577	
1,100	-0,1571	168,89	150,03	-0,02569	
1,120	-0,1571	168,87	150,03	-0,02562	
1,140	-0,1571	168,89	150,03	-0,02568	
1,160	-0,1571	168,87	150,03	-0,02580	
1,180	-0,1571	168,85	150,03	-0,02588	
1,200	-0,1571	168,89	150,03	-0,02588	
1,220	-0,1571	168,92	150,03	-0,02584	
1,240	-0,1571	168,95	150,03	-0,02572	
1,260	-0,1571	168,98	150,03	-0,02557	
1,280	-0,1571	168,96	150,03	-0,02555	
1,300	-0,1571	168,85	150,03	-0,02570	
1,320	-0,1571	168,84	150,03	-0,02586	
1,340	-0,1571	168,94	150,03	-0,02589	
1,360	-0,1571	168,96	150,03	-0,02584	
1,380	-0,1571	168,96	150,03	-0,02579	
1,400	-0,1571	168,93	150,03	-0,02569	
1,420	-0,1571	168,91	150,03	-0,02568	
1,440	-0,1571	168,92	150,03	-0,02580	
1,460	-0,1571	168,94	150,03	-0,02586	
1,480	-0,1571	168,90	150,03	-0,02591	
1,500	-0,1571	168,91	150,03	-0,02594	
1,520	-0,1571	168,93	150,03	-0,02587	
1,540	-0,1571	168,94	150,03	-0,02572	
1,560	-0,1571	168,94	150,03	-0,02562	
1,580	-0,1571	168,88	150,03	-0,02561	
1,600	-0,1571	168,85	150,03	-0,02574	
1,620	-0,1571	168,90	150,03	-0,02586	
1,640	-0,1571	168,95	150,03	-0,02588	
1,660	-0,1571	169,00	150,03	-0,02582	
1,680	-0,1571	169,01	150,03	-0,02572	
1,700	-0,1571	168,99	150,03	-0,02561	
1,720	-0,1571	169,02	150,03	-0,02557	
1,740	-0,1571	169,08	150,03	-0,02568	
1,760	-0,1571	169,10	150,03	-0,02584	
1,780	-0,1571	169,10	150,03	-0,02587	
1,800	-0,1571	168,98	150,03	-0,02581	
1,820	-0,1571	168,87	150,03	-0,02582	
1,840	-0,1571	168,88	150,03	-0,02579	
1,860	-0,1571	168,90	150,03	-0,02569	
1,880	-0,1571	168,87	150,03	-0,02566	
1,900	-0,1571	168,86	150,03	-0,02577	
1,920	-0,1571	168,91	150,02	-0,02587	
1,940	-0,1571	168,95	150,03	-0,02588	
1,960	-0,1571	168,98	150,03	-0,02580	
1,980	-0,1571	169,01	150,03	-0,02568	
2,000	-0,1571	168,98	150,03	-0,02564	
2,020	-0,1571	168,94	150,03	-0,02575	
2,040	-0,1571	168,94	150,03	-0,02591	
2,060	-0,1571	168,95	150,03	-0,02594	
2,080	-0,1571	168,92	150,03	-0,02585	
2,100	-0,1571	168,95	150,03	-0,02571	
2,120	-0,1570	169,03	150,03	-0,02566	
2,140	-0,1570	169,05	150,03	-0,02563	
2,160	-0,1571	168,99	150,03	-0,02564	
2,180	-0,1571	168,91	150,03	-0,02572	
2,200	-0,1571	168,87	150,03	-0,02583	
2,220	-0,1571	168,99	150,03	-0,02589	
2,240	-0,1571	169,13	150,03	-0,02583	
2,260	-0,1571	169,16	150,03	-0,02577	
2,280	-0,1571	169,09	150,03	-0,02572	
2,300	-0,1571	168,96	150,03	-0,02571	
2,320	-0,1571	168,88	150,03	-0,02581	
2,340	-0,1571	168,88	150,03	-0,02589	
2,360	-0,1571	168,90	150,03	-0,02586	
2,380	-0,1571	168,92	150,03	-0,02583	
2,400	-0,1571	168,93	150,03	-0,02578	
2,420	-0,1571	168,95	150,03	-0,02568	
2,440	-0,1571	168,99	150,03	-0,02558	
2,460	-0,1570	168,93	150,03	-0,02559	
2,480	-0,1570	168,90	150,03	-0,02579	
2,500	-0,1571	168,95	150,03	-0,02588	
2,520	-0,1571	168,99	150,03	-0,02578	
2,540	-0,1571	168,97	150,03	-0,02564	
2,560	-0,1571	168,93	150,03	-0,02562	
2,580	-0,1571	168,94	150,03	-0,02563	
2,600	-0,1571	168,94	150,03	-0,02571	
2,620	-0,1571	168,96	150,03	-0,02583	
2,640	-0,1571	168,93	150,03	-0,02589	
2,660	-0,1571	168,84	150,03	-0,02580	
2,680	-0,1571	168,83	150,03	-0,02567	
2,700	-0,1571	168,89	150,03	-0,02561	
2,720	-0,1571	168,94	150,03	-0,02559	
2,740	-0,1571	168,99	150,03	-0,02563	
2,760	-0,1571	169,02	150,03	-0,02571	
2,780	-0,1571	168,98	150,03	-0,02579	
2,800	-0,1571	168,97	150,03	-0,02581	
2,820	-0,1570	168,95	150,03	-0,02575	
2,840	-0,1570	168,87	150,03	-0,02561	
2,860	-0,1571	168,85	150,03	-0,02550	
2,880	-0,1571	168,89	150,03	-0,02552	
2,900	-0,1571	168,92	150,03	-0,02566	
2,920	-0,1571	168,91	150,03	-0,02578	
2,940	-0,1570	168,83	150,03	-0,02580	
2,960	-0,1570	168,79	150,03	-0,02572	
2,980	-0,1570	168,82	150,03	-0,02560	
3,000	-0,1570	168,89	150,03	-0,02548	
3,020	-0,1570	168,91	150,03	-0,02550	
3,040	-0,1570	168,93	150,03	-0,02562	
3,060	-0,1571	168,94	150,03	-0,02574	
3,080	-0,1571	168,88	150,03	-0,02576	
3,100	-0,1571	168,83	150,03	-0,02571	
3,120	-0,1571	168,80	150,03	-0,02563	
3,140	-0,1571	168,84	150,03	-0,02561	
3,160	-0,1571	168,92	150,03	-0,02564	
3,180	-0,1571	168,92	150,03	-0,02570	
3,200	-0,1571	168,84	150,03	-0,02584	
3,220	-0,1571	168,82	150,03	-0,02589	
3,240	-0,1571	168,85	150,03	-0,02581	
3,260	-0,1571	168,89	150,03	-0,02568	
3,280	-0,1571	168,91	150,03	-0,02562	
3,300	-0,1571	168,94	150,03	-0,02565	
3,320	-0,1571	168,94	150,03	-0,02574	
3,340	-0,1571	168,94	150,03	-0,02583	
3,360	-0,1571	168,96	150,03	-0,02590	
3,380	-0,1571	168,96	150,03	-0,02587	
3,400	-0,1571	168,95	150,03	-0,02573	
3,420	-0,1570	168,94	150,03	-0,02556	
3,440	-0,1570	168,85	150,03	-0,02552	
3,460	-0,1570	168,87	150,03	-0,02564	
3,480	-0,1571	168,95	150,03	-0,02582	
3,500	-0,1571	169,01	150,03	-0,02592	
3,520	-0,1571	168,95	150,03	-0,02587	
3,540	-0,1571	168,92	150,03	-0,02578	
3,560	-0,1571	168,90	150,03	-0,02570	
3,580	-0,1570	168,93	150,03	-0,02558	
3,600	-0,1570	169,02	150,03	-0,02560	
3,620	-0,1570	169,08	150,03	-0,02577	
3,640	-0,1571	169,08	150,03	-0,02589	
3,660	-0,1571	169,05	150,03	-0,02593	
3,680	-0,1570	169,06	150,03	-0,02586	
3,700	-0,1570	169,12	150,03	-0,02574	
3,720	-0,1570	169,12	150,03	-0,02562	
3,740	-0,1570	169,05	150,03	-0,02560	
3,760	-0,1571	168,96	150,03	-0,02577	
3,780	-0,1571	168,98	150,03	-0,02592	
3,800	-0,1571	169,00	150,03	-0,02590	
3,820	-0,1571	168,96	150,03	-0,02581	
3,840	-0,1571	168,89	150,03	-0,02578	
3,860	-0,1571	168,89	150,03	-0,02574	
3,880	-0,1571	168,90	150,03	-0,02569	
3,900	-0,1571	168,91	150,03	-0,02571	
3,920	-0,1571	168,91	150,03	-0,02581	
3,940	-0,1571	168,91	150,03	-0,02579	
3,960	-0,1571	168,99	150,03	-0,02576	
3,980	-0,1571	169,05	150,03	-0,02575	
4,000	-0,1570	169,05	150,03	-0,02569	
4,020	-0,1571	169,01	150,03	-0,02565	
4,040	-0,1571	168,94	150,03	-0,02569	
4,060	-0,1571	168,90	150,03	-0,02580	
4,080	-0,1571	168,87	150,03	-0,02583	
4,100	-0,1571	168,87	150,03	-0,02578	
4,120	-0,1571	168,82	150,03	-0,02572	
4,140	-0,1571	168,85	150,03	-0,02567	
4,160	-0,1571	168,99	150,03	-0,02567	
4,180	-0,1571	169,03	150,03	-0,02572	
4,200	-0,1571	168,99	150,03	-0,02583	
4,220	-0,1571	168,95	150,03	-0,02587	
4,240	-0,1571	168,93	150,03	-0,02588	
4,260	-0,1570	169,00	150,03	-0,02581	
4,280	-0,1570	169,07	150,03	-0,02571	
4,300	-0,1571	169,01	150,03	-0,02564	
4,320	-0,1571	168,97	150,03	-0,02561	
4,340	-0,1571	168,94	150,03	-0,02576	
4,360	-0,1571	168,88	150,03	-0,02596	
4,380	-0,1571	168,85	150,03	-0,02598	
4,400	-0,1571	168,83	150,03	-0,02580	
4,420	-0,1571	168,82	150,03	-0,02562	
4,440	-0,1576	171,90	150,17	-0,02583	
4,460	-0,1571	154,47	150,04	-0,02680	
4,480	-0,1567	112,28	149,94	-0,02706	
4,500	-0,1569	69,45	149,98	-0,02680	
4,520	-0,1569	31,70	150,02	-0,02667	
4,540	-0,1548	2,167	150,03	-0,02663	
4,560	-0,1496	-2,798	150,03	-0,02655	
4,580	-0,1436	26,75	150,03	-0,02641	
4,600	-0,1387	66,97	150,03	-0,02631	
4,620	-0,1350	105,64	150,03	-0,02633	
4,640	-0,1325	136,62	150,03	-0,02648	
4,660	-0,1312	157,87	150,03	-0,02655	
4,680	-0,1309	170,41	150,03	-0,02654	
4,700	-0,1309	176,44	150,03	-0,02641	
4,720	-0,1309	178,59	150,03	-0,02628	
4,740	-0,1310	179,06	150,03	-0,02624	
4,760	-0,1313	179,06	150,03	-0,02632	
4,780	-0,1315	178,29	150,03	-0,02649	
4,800	-0,1317	176,81	150,03	-0,02654	
4,820	-0,1320	175,92	150,03	-0,02650	
4,840	-0,1322	175,68	150,03	-0,02637	
4,860	-0,1322	175,56	150,03	-0,02627	
4,880	-0,1324	174,21	150,03	-0,02623	
4,900	-0,1327	172,81	150,03	-0,02625	
4,920	-0,1328	172,33	150,03	-0,02638	
4,940	-0,1329	172,29	150,03	-0,02649	
4,960	-0,1329	172,24	150,03	-0,02652	
4,980	-0,1329	172,19	150,03	-0,02653	
5,000	-0,1330	172,22	150,03	-0,02644	
5,020	-0,1333	172,22	150,03	-0,02633	
5,040	-0,1335	172,22	150,03	-0,02628	
5,060	-0,1336	172,20	150,03	-0,02641	
5,080	-0,1336	171,46	150,03	-0,02656	
5,100	-0,1336	169,96	150,03	-0,02650	
5,120	-0,1336	169,11	150,03	-0,02639	
5,140	-0,1336	168,91	150,03	-0,02633	
5,160	-0,1336	168,91	150,03	-0,02625	
5,180	-0,1336	168,91	150,03	-0,02633	
5,200	-0,1336	168,88	150,03	-0,02643	
5,220	-0,1336	168,84	150,03	-0,02646	
5,240	-0,1335	168,82	150,03	-0,02647	
5,260	-0,1336	168,79	150,03	-0,02642	
5,280	-0,1336	168,76	150,03	-0,02638	
5,300	-0,1336	168,73	150,03	-0,02634	
5,320	-0,1336	168,74	150,03	-0,02621	
5,340	-0,1336	168,73	150,03	-0,02624	
5,360	-0,1336	168,67	150,03	-0,02630	
5,380	-0,1336	168,71	150,03	-0,02635	
5,400	-0,1336	168,80	150,03	-0,02639	
5,420	-0,1336	168,86	150,03	-0,02631	
5,440	-0,1336	168,85	150,03	-0,02621	
5,460	-0,1336	169,54	150,03	-0,02623	
5,480	-0,1339	170,93	150,03	-0,02630	
5,500	-0,1341	171,29	150,03	-0,02636	
5,520	-0,1342	171,66	150,03	-0,02640	
5,540	-0,1342	172,01	150,03	-0,02638	
5,560	-0,1342	171,46	150,03	-0,02632	
5,580	-0,1342	170,03	150,03	-0,02621	
5,600	-0,1342	169,13	150,03	-0,02616	
5,620	-0,1342	168,83	150,03	-0,02625	
5,640	-0,1342	168,80	150,03	-0,02637	
5,660	-0,1342	168,82	150,03	-0,02643	
5,680	-0,1342	168,80	150,03	-0,02640	
5,700	-0,1342	168,81	150,03	-0,02625	
5,720	-0,1342	168,81	150,03	-0,02614	
5,740	-0,1342	168,82	150,03	-0,02613	
5,760	-0,1342	168,85	150,03	-0,02620	
5,780	-0,1342	168,81	150,03	-0,02635	
5,800	-0,1342	168,78	150,03	-0,02644	
5,820	-0,1342	168,83	150,03	-0,02640	
5,840	-0,1342	168,81	150,03	-0,02626	
5,860	-0,1342	168,88	150,03	-0,02615	
5,880	-0,1342	169,01	150,03	-0,02609	
5,900	-0,1342	169,00	150,03	-0,02617	
5,920	-0,1343	168,94	150,03	-0,02639	
5,940	-0,1345	168,91	150,03	-0,02645	
5,960	-0,1348	168,85	150,03	-0,02645	
5,980	-0,1349	168,85	150,03	-0,02634	
6,000	-0,1349	168,94	150,03	-0,02624	
6,020	-0,1349	168,96	150,03	-0,02618	
6,040	-0,1349	168,87	150,03	-0,02621	
6,060	-0,1349	168,84	150,03	-0,02631	
6,080	-0,1349	168,88	150,03	-0,02639	
6,100	-0,1349	168,83	150,03	-0,02639	
6,120	-0,1349	168,83	150,03	-0,02633	
6,140	-0,1349	168,90	150,03	-0,02626	
6,160	-0,1349	168,90	150,03	-0,02621	
6,180	-0,1349	168,91	150,03	-0,02621	
6,200	-0,1349	168,93	150,03	-0,02631	
6,220	-0,1349	168,84	150,03	-0,02642	
6,240	-0,1349	168,81	150,03	-0,02647	
6,260	-0,1349	168,83	150,03	-0,02645	
6,280	-0,1349	168,82	150,03	-0,02638	
6,300	-0,1349	168,86	150,03	-0,02621	
6,320	-0,1349	168,96	150,03	-0,02606	
6,340	-0,1349	168,98	150,03	-0,02607	
6,360	-0,1349	168,91	150,03	-0,02619	
6,380	-0,1349	168,86	150,03	-0,02633	
6,400	-0,1349	168,81	150,03	-0,02641	
6,420	-0,1349	168,90	150,03	-0,02638	
6,440	-0,1349	168,97	150,03	-0,02628	
6,460	-0,1349	168,96	150,03	-0,02619	
6,480	-0,1349	168,94	150,03	-0,02617	
6,500	-0,1349	168,95	150,03	-0,02624	
6,520	-0,1349	168,98	150,03	-0,02637	
6,540	-0,1349	169,00	150,03	-0,02638	
6,560	-0,1349	168,98	150,03	-0,02630	
6,580	-0,1349	169,00	150,03	-0,02624	
6,600	-0,1349	168,97	150,03	-0,02621	
6,620	-0,1349	168,91	150,03	-0,02623	
6,640	-0,1352	168,92	150,03	-0,02626	
6,660	-0,1354	168,97	150,03	-0,02630	
6,680	-0,1356	169,03	150,03	-0,02633	
6,700	-0,1356	169,02	150,03	-0,02624	
6,720	-0,1356	169,04	150,03	-0,02619	
6,740	-0,1356	169,08	150,03	-0,02620	
6,760	-0,1356	169,06	150,03	-0,02627	
6,780	-0,1356	169,04	150,03	-0,02641	
6,800	-0,1356	168,97	150,03	-0,02654	
6,820	-0,1356	168,98	150,03	-0,02648	
6,840	-0,1356	169,02	150,03	-0,02633	
6,860	-0,1356	169,07	150,03	-0,02621	
6,880	-0,1356	169,11	150,03	-0,02620	
6,900	-0,1356	169,02	150,03	-0,02623	
6,920	-0,1356	168,98	150,03	-0,02631	
6,940	-0,1356	168,99	150,03	-0,02592	
6,960	-0,1356	168,98	150,03	-0,02519	
6,980	-0,1356	169,01	150,03	-0,02481	
7,000	-0,1356	169,03	150,03	-0,02469	
7,020	-0,1356	168,95	150,03	-0,02459	
7,040	-0,1356	168,93	150,03	-0,02450	
7,060	-0,1356	168,97	150,03	-0,02456	
7,080	-0,1356	168,95	150,03	-0,02471	
7,100	-0,1356	168,99	150,03	-0,02477	
7,120	-0,1356	169,05	150,03	-0,02472	
7,140	-0,1356	169,07	150,03	-0,02459	
7,160	-0,1356	169,10	150,03	-0,02467	
7,180	-0,1356	169,14	150,03	-0,02538	
7,200	-0,1356	169,18	150,03	-0,02606	
7,220	-0,1356	169,18	150,03	-0,02647	
7,240	-0,1356	169,11	150,03	-0,02652	
7,260	-0,1356	169,05	150,03	-0,02641	
7,280	-0,1356	169,04	150,03	-0,02636	
7,300	-0,1356	169,05	150,03	-0,02626	
7,320	-0,1356	169,01	150,03	-0,02615	
7,340	-0,1356	169,70	150,03	-0,02618	
7,360	-0,1356	170,59	150,03	-0,02634	
7,380	-0,1356	170,00	150,03	-0,02649	
7,400	-0,1356	169,93	150,03	-0,02646	
7,420	-0,1359	170,54	150,03	-0,02627	
7,440	-0,1362	169,90	150,03	-0,02615	
7,460	-0,1363	169,24	150,03	-0,02616	
7,480	-0,1363	169,08	150,03	-0,02620	
7,500	-0,1363	169,06	150,03	-0,02631	
7,520	-0,1363	169,11	150,03	-0,02644	
7,540	-0,1363	169,07	150,03	-0,02641	
7,560	-0,1363	169,03	150,03	-0,02634	
7,580	-0,1363	169,02	150,03	-0,02625	
7,600	-0,1363	169,04	150,03	-0,02615	
7,620	-0,1363	169,06	150,03	-0,02617	
7,640	-0,1363	169,05	150,03	-0,02627	
7,660	-0,1363	169,04	150,03	-0,02638	
7,680	-0,1363	169,03	150,03	-0,02642	
7,700	-0,1363	168,99	150,03	-0,02639	
7,720	-0,1363	168,98	150,03	-0,02625	
7,740	-0,1363	169,00	150,03	-0,02618	
7,760	-0,1363	169,01	150,03	-0,02615	
7,780	-0,1363	169,07	150,03	-0,02623	
7,800	-0,1363	169,06	150,03	-0,02636	
7,820	-0,1363	168,97	150,03	-0,02636	
7,840	-0,1363	168,87	150,03	-0,02634	
7,860	-0,1363	168,90	150,03	-0,02626	
7,880	-0,1363	168,98	150,03	-0,02618	
7,900	-0,1363	168,95	150,03	-0,02614	
7,920	-0,1363	168,91	150,03	-0,02625	
7,940	-0,1363	168,89	150,03	-0,02643	
7,960	-0,1363	168,87	150,03	-0,02646	
7,980	-0,1363	168,96	150,03	-0,02638	
8,000	-0,1363	169,00	150,03	-0,02629	
8,020	-0,1363	168,97	150,03	-0,02620	
8,040	-0,1363	168,91	150,03	-0,02617	
8,060	-0,1363	168,90	150,03	-0,02622	
8,080	-0,1363	168,94	150,03	-0,02630	
8,100	-0,1363	168,98	150,03	-0,02636	
8,120	-0,1363	168,96	150,03	-0,02636	
8,140	-0,1363	168,98	150,03	-0,02631	
8,160	-0,1363	169,00	150,03	-0,02619	
8,180	-0,1363	168,98	150,03	-0,02611	
8,200	-0,1363	169,00	150,03	-0,02612	
8,220	-0,1363	169,07	150,03	-0,02626	
8,240	-0,1363	169,06	150,03	-0,02641	
8,260	-0,1363	169,01	150,03	-0,02638	
8,280	-0,1363	168,96	150,03	-0,02623	
8,300	-0,1363	168,88	150,02	-0,02615	
8,320	-0,1363	168,92	150,03	-0,02609	
8,340	-0,1363	168,96	150,03	-0,02612	
8,360	-0,1362	168,97	150,03	-0,02626	
8,380	-0,1362	168,96	150,03	-0,02642	
8,400	-0,1363	168,94	150,03	-0,02645	
8,420	-0,1365	168,87	150,03	-0,02632	
8,440	-0,1368	168,87	150,03	-0,02613	
8,460	-0,1369	168,83	150,03	-0,02607	
8,480	-0,1369	168,78	150,03	-0,02615	
8,500	-0,1369	168,84	150,03	-0,02628	
8,520	-0,1369	168,80	150,03	-0,02636	
8,540	-0,1369	168,77	150,03	-0,02644	
8,560	-0,1369	168,80	150,03	-0,02633	
8,580	-0,1369	168,82	150,03	-0,02623	
8,600	-0,1369	168,85	150,03	-0,02619	
8,620	-0,1369	168,96	150,03	-0,02625	
8,640	-0,1369	168,95	150,03	-0,02637	
8,660	-0,1369	168,90	150,03	-0,02646	
8,680	-0,1369	168,84	150,03	-0,02641	
8,700	-0,1369	168,78	150,03	-0,02629	
8,720	-0,1369	168,77	150,03	-0,02621	
8,740	-0,1369	168,89	150,03	-0,02619	
8,760	-0,1369	168,98	150,03	-0,02620	
8,780	-0,1369	168,95	150,03	-0,02628	
8,800	-0,1369	168,97	150,03	-0,02639	
8,820	-0,1369	169,04	150,03	-0,02638	
8,840	-0,1369	168,98	150,03	-0,02626	
8,860	-0,1369	168,94	150,03	-0,02619	
8,880	-0,1369	168,97	150,02	-0,02615	
8,900	-0,1369	168,89	150,02	-0,02615	
8,920	-0,1369	168,87	150,03	-0,02623	
8,940	-0,1369	168,95	150,03	-0,02635	
8,960	-0,1369	168,98	150,03	-0,02640	
8,980	-0,1369	169,05	150,03	-0,02632	
9,000	-0,1369	169,06	150,03	-0,02623	
9,020	-0,1369	169,02	150,03	-0,02617	
9,040	-0,1369	168,99	150,03	-0,02613	
9,060	-0,1369	168,95	150,03	-0,02622	
9,080	-0,1369	168,92	150,03	-0,02634	
9,100	-0,1369	169,03	150,02	-0,02640	
9,120	-0,1369	169,07	150,03	-0,02634	
9,140	-0,1369	168,95	150,03	-0,02617	
9,160	-0,1369	168,95	150,03	-0,02605	
9,180	-0,1369	168,95	150,03	-0,02605	
9,200	-0,1369	168,92	150,03	-0,02620	
9,220	-0,1369	168,97	150,03	-0,02636	
9,240	-0,1369	168,92	150,03	-0,02639	
9,260	-0,1369	168,88	150,03	-0,02634	
9,280	-0,1369	168,92	150,03	-0,02627	
9,300	-0,1370	168,92	150,03	-0,02621	
9,320	-0,1370	168,93	150,03	-0,02617	
9,340	-0,1370	168,96	150,03	-0,02618	
9,360	-0,1372	169,00	150,03	-0,02631	
9,380	-0,1375	169,02	150,03	-0,02633	
9,400	-0,1376	169,02	150,03	-0,02629	
9,420	-0,1376	168,98	150,03	-0,02629	
9,440	-0,1376	168,97	150,03	-0,02621	
9,460	-0,1376	168,91	150,03	-0,02609	
9,480	-0,1376	168,93	150,03	-0,02617	
9,500	-0,1376	168,94	150,03	-0,02640	
9,520	-0,1376	168,99	150,03	-0,02651	
9,540	-0,1376	168,98	150,03	-0,02646	
9,560	-0,1376	168,96	150,03	-0,02631	
9,580	-0,1376	168,91	150,02	-0,02619	
9,600	-0,1376	168,89	150,03	-0,02618	
9,620	-0,1376	168,83	150,03	-0,02624	
9,640	-0,1376	168,85	150,03	-0,02633	
9,660	-0,1376	168,96	150,03	-0,02636	
9,680	-0,1376	168,97	150,03	-0,02642	
9,700	-0,1376	168,89	150,03	-0,02632	
9,720	-0,1376	168,88	150,03	-0,02625	
9,740	-0,1376	168,89	150,03	-0,02623	
9,760	-0,1376	168,86	150,03	-0,02623	
9,780	-0,1376	168,82	150,03	-0,02631	
9,800	-0,1376	168,79	150,03	-0,02645	
9,820	-0,1376	168,75	150,03	-0,02652	
9,840	-0,1376	168,79	150,03	-0,02639	
9,860	-0,1376	168,79	150,03	-0,02625	
9,880	-0,1376	168,83	150,03	-0,02620	
9,900	-0,1376	168,85	150,03	-0,02612	
9,920	-0,1376	168,87	150,03	-0,02612	
9,940	-0,1376	168,90	150,03	-0,02624	
9,960	-0,1376	168,96	150,03	-0,02628	
9,980	-0,1376	168,95	150,03	-0,02631	
10,00	-0,1376	168,91	150,03	-0,02632	
10,02	-0,1376	168,90	150,03	-0,02629	
10,04	-0,1376	168,99	150,03	-0,02626	
10,06	-0,1376	169,04	150,03	-0,02619	
10,08	-0,1376	169,07	150,03	-0,02623	
10,10	-0,1376	169,05	150,03	-0,02629	
10,12	-0,1376	169,02	150,03	-0,02628	
10,14	-0,1376	169,05	150,03	-0,02627	
10,16	-0,1376	169,04	150,03	-0,02621	
10,18	-0,1376	168,97	150,03	-0,02608	
10,20	-0,1376	169,01	150,03	-0,02612	
10,22	-0,1376	169,06	150,03	-0,02631	
10,24	-0,1376	168,99	150,03	-0,02634	
10,26	-0,1376	168,97	150,03	-0,02630	
10,28	-0,1376	169,02	150,03	-0,02623	
10,30	-0,1376	168,99	150,03	-0,02612	
10,32	-0,1376	169,21	150,04	-0,02606	
10,34	-0,1378	169,48	150,08	-0,02611	
10,36	-0,1379	163,42	150,06	-0,02622	
10,38	-0,1381	151,89	150,04	-0,02626	
10,40	-0,1382	138,63	150,03	-0,02631	
10,42	-0,1380	125,80	150,03	-0,02631	
10,44	-0,1373	114,42	150,03	-0,02618	
10,46	-0,1359	107,77	150,03	-0,02606	
10,48	-0,1344	105,58	150,02	-0,02598	
10,50	-0,1329	105,20	150,03	-0,02601	
10,52	-0,1314	105,34	150,03	-0,02614	
10,54	-0,1298	106,61	150,03	-0,02626	
10,56	-0,1282	109,38	150,03	-0,02632	
10,58	-0,1266	112,77	150,03	-0,02627	
10,60	-0,1250	116,21	150,02	-0,02619	
10,62	-0,1235	119,47	150,03	-0,02611	
10,64	-0,1223	121,37	150,02	-0,02606	
10,66	-0,1212	121,30	150,03	-0,02617	
10,68	-0,1201	119,82	150,02	-0,02629	
10,70	-0,1188	118,81	150,02	-0,02642	
10,72	-0,1174	118,53	150,02	-0,02643	
10,74	-0,1162	118,49	150,02	-0,02627	
10,76	-0,1152	118,50	150,03	-0,02612	
10,78	-0,1140	118,47	150,03	-0,02611	
10,80	-0,1127	118,45	150,02	-0,02617	
10,82	-0,1114	118,42	150,02	-0,02632	
10,84	-0,1101	118,45	150,02	-0,02641	
10,86	-0,1087	118,37	150,02	-0,02632	
10,88	-0,1074	117,15	150,03	-0,02624	
10,90	-0,1060	115,91	150,03	-0,02614	
10,92	-0,1047	116,57	150,03	-0,02606	
10,94	-0,1033	117,80	150,02	-0,02606	
10,96	-0,1020	117,19	150,02	-0,02615	
10,98	-0,1006	115,89	150,02	-0,02626	
11,00	-0,09930	115,24	150,02	-0,02630	
11,02	-0,09795	115,13	150,02	-0,02628	
11,04	-0,09660	115,23	150,02	-0,02625	
11,06	-0,09525	115,29	150,02	-0,02617	
11,08	-0,09393	115,25	150,02	-0,02615	
11,10	-0,09259	115,22	150,02	-0,02623	
11,12	-0,09124	115,14	150,03	-0,02632	
11,14	-0,08990	115,11	150,03	-0,02631	
11,16	-0,08856	115,19	150,02	-0,02624	
11,18	-0,08721	115,20	150,02	-0,02612	
11,20	-0,08587	115,23	150,02	-0,02610	
11,22	-0,08453	115,22	150,02	-0,02612	
11,24	-0,08319	115,14	150,02	-0,02618	
11,26	-0,08184	115,17	150,02	-0,02625	
11,28	-0,08050	115,25	150,02	-0,02625	
11,30	-0,07916	115,27	150,03	-0,02619	
11,32	-0,07782	115,19	150,03	-0,02610	
11,34	-0,07648	115,18	150,02	-0,02596	
11,36	-0,07514	115,18	150,02	-0,02597	
11,38	-0,07378	114,61	150,02	-0,02607	
11,40	-0,07243	113,14	150,02	-0,02614	
11,42	-0,07109	112,17	150,03	-0,02620	
11,44	-0,06975	111,89	150,03	-0,02621	
11,46	-0,06842	111,84	150,03	-0,02616	
11,48	-0,06707	111,82	150,03	-0,02610	
11,50	-0,06560	111,86	150,02	-0,02602	
11,52	-0,06396	111,89	150,02	-0,02607	
11,54	-0,06244	111,93	150,03	-0,02615	
11,56	-0,06104	111,99	150,03	-0,02616	
11,58	-0,05969	112,01	150,02	-0,02618	
11,60	-0,05835	111,99	150,02	-0,02613	
11,62	-0,05700	111,96	150,02	-0,02607	
11,64	-0,05565	112,01	150,03	-0,02607	
11,66	-0,05431	112,02	150,03	-0,02613	
11,68	-0,05285	111,90	150,03	-0,02625	
11,70	-0,05120	111,82	150,02	-0,02631	
11,72	-0,04964	111,87	150,02	-0,02626	
11,74	-0,04824	111,92	150,02	-0,02618	
11,76	-0,04690	111,95	150,02	-0,02610	
11,78	-0,04558	111,93	150,03	-0,02598	
11,80	-0,04422	111,86	150,02	-0,02598	
11,82	-0,04263	111,82	150,03	-0,02609	
11,84	-0,04100	111,76	150,02	-0,02624	
11,86	-0,03954	111,76	150,03	-0,02633	
11,88	-0,03818	111,83	150,02	-0,02626	
11,90	-0,03684	111,88	150,02	-0,02618	
11,92	-0,03536	111,87	150,02	-0,02608	
11,94	-0,03372	111,24	150,02	-0,02605	
11,96	-0,03219	109,70	150,02	-0,02615	
11,98	-0,03079	108,78	150,02	-0,02627	
12,00	-0,02942	108,56	150,02	-0,02630	
12,02	-0,02785	108,54	150,02	-0,02625	
12,04	-0,02625	108,57	150,02	-0,02608	
12,06	-0,02478	108,57	150,03	-0,02597	
12,08	-0,02342	108,51	150,03	-0,02599	
12,10	-0,02196	108,53	150,02	-0,02606	
12,12	-0,02031	108,61	150,02	-0,02617	
12,14	-0,01877	108,56	150,03	-0,02626	
12,16	-0,01737	108,51	150,03	-0,02629	
12,18	-0,01590	108,48	150,02	-0,02618	
12,20	-0,01427	108,45	150,03	-0,02607	
12,22	-0,01274	108,47	150,03	-0,02601	
12,24	-0,01133	108,47	150,03	-0,02608	
12,26	-0,00997	108,49	150,03	-0,02622	
12,28	-0,00840	108,52	150,03	-0,02629	
12,30	-0,00678	108,56	150,03	-0,02632	
12,32	-0,00531	108,45	150,03	-0,02622	
12,34	-0,00382	107,22	150,03	-0,02610	
12,36	-0,00217	105,82	150,03	-0,02609	
12,38	-0,00061	105,27	150,02	-0,02615	
12,40	0,00091	105,22	150,03	-0,02624	
12,42	0,00254	105,23	150,08	-0,02626	
12,44	0,00409	105,15	150,21	-0,02628	
12,46	0,00561	105,04	150,74	-0,02625	
12,48	0,00726	105,04	151,91	-0,02617	
12,50	0,00883	105,07	153,66	-0,02607	
12,52	0,01047	105,04	155,39	-0,02606	
12,54	0,01209	105,03	157,33	-0,02612	
12,56	0,01356	105,09	159,41	-0,02620	
12,58	0,01515	105,10	161,10	-0,02625	
12,60	0,01676	105,06	162,63	-0,02621	
12,62	0,01824	105,11	164,32	-0,02610	
12,64	0,01984	105,20	166,01	-0,02600	
12,66	0,02146	105,25	167,14	-0,02600	
12,68	0,02303	105,21	167,99	-0,02612	
12,70	0,02469	105,17	169,17	-0,02623	
12,72	0,02625	105,16	170,32	-0,02624	
12,74	0,02788	105,20	171,23	-0,02619	
12,76	0,02950	105,21	172,38	-0,02610	
12,78	0,03108	105,21	173,74	-0,02601	
12,80	0,03273	105,21	174,98	-0,02594	
12,82	0,03430	105,10	176,17	-0,02593	
12,84	0,03593	103,89	177,73	-0,02606	
12,86	0,03759	102,46	179,45	-0,02620	
12,88	0,03930	101,82	181,01	-0,02620	
12,90	0,04096	101,72	182,59	-0,02612	
12,92	0,04264	101,72	183,99	-0,02602	
12,94	0,04428	101,75	185,24	-0,02599	
12,96	0,04598	101,82	186,68	-0,02605	
12,98	0,04765	101,80	188,30	-0,02620	
13,00	0,04935	101,70	189,91	-0,02630	
13,02	0,05100	101,70	191,54	-0,02626	
13,04	0,05268	101,81	193,20	-0,02613	
13,06	0,05435	101,83	194,74	-0,02600	
13,08	0,05606	101,74	196,23	-0,02598	
13,10	0,05774	101,73	197,58	-0,02599	
13,12	0,05943	101,61	198,75	-0,02614	
13,14	0,06107	100,37	200,01	-0,02623	
13,16	0,06276	98,96	201,47	-0,02624	
13,18	0,06453	98,42	202,93	-0,02616	
13,20	0,06629	98,40	204,22	-0,02606	
13,22	0,06798	98,47	205,43	-0,02599	
13,24	0,06971	98,40	206,71	-0,02604	
13,26	0,07150	98,29	208,14	-0,02618	
13,28	0,07329	98,38	209,56	-0,02628	
13,30	0,07507	98,45	210,92	-0,02623	
13,32	0,07687	98,41	212,30	-0,02612	
13,34	0,07855	98,40	213,68	-0,02600	
13,36	0,08024	98,39	214,97	-0,02590	
13,38	0,08200	98,37	216,26	-0,02598	
13,40	0,08380	98,39	217,62	-0,02614	
13,42	0,08561	98,39	219,03	-0,02625	
13,44	0,08740	98,38	220,49	-0,02630	
13,46	0,08919	98,40	221,96	-0,02623	
13,48	0,09100	98,39	223,45	-0,02606	
13,50	0,09277	98,35	224,99	-0,02594	
13,52	0,09453	98,34	226,47	-0,02593	
13,54	0,09633	98,35	227,88	-0,02602	
13,56	0,09812	98,35	229,26	-0,02618	
13,58	0,09992	98,36	230,64	-0,02628	
13,60	0,1017	98,36	232,03	-0,02623	
13,62	0,1035	98,33	233,45	-0,02607	
13,64	0,1054	98,35	234,86	-0,02595	
13,66	0,1073	97,90	236,26	-0,02592	
13,68	0,1091	97,54	237,70	-0,02601	
13,70	0,1109	97,31	239,18	-0,02620	
13,72	0,1128	96,10	240,65	-0,02630	
13,74	0,1146	95,19	242,11	-0,02630	
13,76	0,1165	94,96	243,58	-0,02616	
13,78	0,1182	94,91	245,04	-0,02604	
13,80	0,1202	94,38	246,50	-0,02601	
13,82	0,1222	96,68	247,91	-0,02611	
13,84	0,1240	105,37	249,15	-0,02628	
13,86	0,1257	118,04	250,12	-0,02629	
13,88	0,1274	131,64	250,90	-0,02618	
13,90	0,1288	145,06	251,54	-0,02609	
13,92	0,1295	155,37	252,08	-0,02615	
13,94	0,1298	159,08	252,50	-0,02622	
13,96	0,1301	159,24	252,84	-0,02625	
13,98	0,1303	159,09	253,13	-0,02629	
14,00	0,1307	160,23	253,37	-0,02632	
14,02	0,1309	163,36	253,56	-0,02633	
14,04	0,1311	167,47	253,71	-0,02623	
14,06	0,1315	171,39	253,81	-0,02616	
14,08	0,1316	174,43	253,86	-0,02613	
14,10	0,1315	175,74	253,87	-0,02626	
14,12	0,1312	177,23	253,92	-0,02642	
14,14	0,1310	178,82	253,97	-0,02643	
14,16	0,1309	177,70	254,00	-0,02630	
14,18	0,1308	172,25	254,09	-0,02607	
14,20	0,1306	163,31	254,36	-0,02594	
14,22	0,1304	151,41	254,82	-0,02594	
14,24	0,1304	136,57	255,43	-0,02599	
14,26	0,1307	121,78	256,17	-0,02612	
14,28	0,1313	109,03	257,07	-0,02621	
14,30	0,1324	99,21	258,09	-0,02620	
14,32	0,1337	91,79	259,19	-0,02616	
14,34	0,1350	86,85	260,35	-0,02614	
14,36	0,1367	83,27	261,74	-0,02606	
14,38	0,1384	82,49	263,92	-0,02606	
14,40	0,1401	89,09	266,30	-0,02618	
14,42	0,1418	101,11	267,95	-0,02628	
14,44	0,1435	114,72	268,73	-0,02631	
14,46	0,1450	128,19	269,00	-0,02627	
14,48	0,1462	139,65	269,01	-0,02619	
14,50	0,1469	146,47	269,02	-0,02616	
14,52	0,1474	149,94	269,04	-0,02621	
14,54	0,1478	152,91	269,01	-0,02633	
14,56	0,1482	156,71	268,96	-0,02641	
14,58	0,1486	161,65	268,89	-0,02638	
14,60	0,1489	166,07	268,83	-0,02626	
14,62	0,1491	169,73	268,86	-0,02611	
14,64	0,1491	173,06	268,84	-0,02608	
14,66	0,1491	175,31	268,77	-0,02612	
14,68	0,1490	175,61	268,70	-0,02628	
14,70	0,1488	173,06	268,77	-0,02637	
14,72	0,1485	166,10	269,16	-0,02633	
14,74	0,1485	154,96	270,30	-0,02631	
14,76	0,1486	142,28	271,86	-0,02627	
14,78	0,1487	134,82	272,80	-0,02622	
14,80	0,1491	133,97	273,07	-0,02618	
14,82	0,1497	138,59	272,99	-0,02618	
14,84	0,1504	144,46	272,94	-0,02624	
14,86	0,1512	146,28	273,39	-0,02623	
14,88	0,1517	141,58	274,08	-0,02621	
14,90	0,1518	137,16	274,53	-0,02612	
14,92	0,1520	132,63	274,93	-0,02597	
14,94	0,1528	126,59	275,61	-0,02594	
14,96	0,1537	124,50	276,30	-0,02603	
14,98	0,1543	129,18	276,73	-0,02616	
15,00	0,1547	132,93	277,17	-0,02623	
15,02	0,1555	131,86	277,87	-0,02615	
15,04	0,1562	130,72	278,50	-0,02600	
15,06	0,1566	131,75	278,95	-0,02592	
15,08	0,1570	130,16	279,55	-0,02596	
15,10	0,1574	126,48	280,08	-0,02613	
15,12	0,1580	125,16	280,48	-0,02628	
15,14	0,1587	123,91	281,07	-0,02623	
15,16	0,1593	120,63	281,83	-0,02618	
15,18	0,1598	118,57	282,51	-0,02609	
15,20	0,1604	120,85	282,89	-0,02600	
15,22	0,1610	123,26	283,17	-0,02594	
15,24	0,1617	123,00	283,73	-0,02595	
15,26	0,1624	121,53	284,43	-0,02610	
15,28	0,1630	120,11	285,09	-0,02622	
15,30	0,1633	118,28	285,50	-0,02619	
15,32	0,1637	115,81	285,93	-0,02609	
15,34	0,1644	114,60	286,49	-0,02600	
15,36	0,1650	114,18	287,18	-0,02593	
15,38	0,1655	112,25	287,85	-0,02600	
15,40	0,1661	109,27	288,40	-0,02617	
15,42	0,1666	108,47	288,78	-0,02624	
15,44	0,1671	109,14	289,15	-0,02619	
15,46	0,1678	108,21	289,79	-0,02610	
15,48	0,1684	106,20	290,54	-0,02602	
15,50	0,1689	105,27	291,09	-0,02596	
15,52	0,1694	104,66	291,49	-0,02593	
15,54	0,1701	102,98	292,06	-0,02598	
15,56	0,1708	102,50	292,75	-0,02607	
15,58	0,1715	104,62	293,29	-0,02615	
15,60	0,1722	104,92	293,80	-0,02610	
15,62	0,1728	104,18	294,22	-0,02599	
15,64	0,1734	105,43	294,64	-0,02597	
15,66	0,1741	105,99	295,31	-0,02606	
15,68	0,1747	103,69	296,09	-0,02614	
15,70	0,1752	102,59	296,63	-0,02618	
15,72	0,1758	103,50	297,02	-0,02617	
15,74	0,1765	102,96	297,48	-0,02606	
15,76	0,1772	103,21	298,00	-0,02604	
15,78	0,1779	104,83	298,60	-0,02603	
15,80	0,1785	104,62	299,20	-0,02604	
15,82	0,1790	103,66	299,69	-0,02615	
15,84	0,1796	103,79	300,17	-0,02623	
15,86	0,1805	103,11	300,83	-0,02624	
15,88	0,1812	102,68	301,45	-0,02613	
15,90	0,1816	105,22	301,89	-0,02604	
15,92	0,1822	106,59	302,37	-0,02597	
15,94	0,1829	104,55	303,02	-0,02599	
15,96	0,1836	103,82	303,55	-0,02612	
15,98	0,1842	105,36	303,97	-0,02624	
16,00	0,1847	103,04	304,64	-0,02628	
16,02	0,1854	98,38	305,35	-0,02618	
16,04	0,1858	98,66	305,78	-0,02608	
16,06	0,1863	100,12	306,19	-0,02602	
16,08	0,1869	97,69	306,78	-0,02599	
16,10	0,1876	94,64	307,53	-0,02607	
16,12	0,1881	94,94	308,06	-0,02620	
16,14	0,1886	95,45	308,47	-0,02619	
16,16	0,1893	93,39	309,06	-0,02617	
16,18	0,1899	92,34	309,67	-0,02608	
16,20	0,1904	92,69	310,20	-0,02594	
16,22	0,1908	93,54	310,59	-0,02597	
16,24	0,1913	93,00	311,06	-0,02608	
16,26	0,1920	91,83	311,73	-0,02614	
16,28	0,1926	90,87	312,35	-0,02617	
16,30	0,1930	91,25	312,82	-0,02613	
16,32	0,1936	90,33	313,39	-0,02604	
16,34	0,1943	87,18	314,04	-0,02596	
16,36	0,1949	88,33	314,51	-0,02593	
16,38	0,1954	89,84	315,03	-0,02605	
16,40	0,1961	87,31	315,67	-0,02615	
16,42	0,1967	86,55	316,21	-0,02621	
16,44	0,1972	89,96	316,60	-0,02621	
16,46	0,1977	90,68	317,10	-0,02612	
16,48	0,1984	88,58	317,76	-0,02602	
16,50	0,1991	87,61	318,43	-0,02593	
16,52	0,1995	88,10	318,89	-0,02601	
16,54	0,2000	88,02	319,32	-0,02619	
16,56	0,2007	86,36	319,91	-0,02624	
16,58	0,2014	85,14	320,55	-0,02620	
16,60	0,2020	85,34	321,15	-0,02608	
16,62	0,2025	85,98	321,61	-0,02592	
16,64	0,2030	86,41	322,03	-0,02589	
16,66	0,2037	85,96	322,70	-0,02600	
16,68	0,2045	85,57	323,38	-0,02614	
16,70	0,2051	86,41	323,85	-0,02621	
16,72	0,2055	87,75	324,29	-0,02617	
16,74	0,2061	86,67	324,84	-0,02608	
16,76	0,2068	86,07	325,37	-0,02603	
16,78	0,2074	86,53	325,94	-0,02600	
16,80	0,2081	85,65	326,55	-0,02599	
16,82	0,2085	85,09	327,06	-0,02601	
16,84	0,2091	86,69	327,52	-0,02610	
16,86	0,2098	87,13	328,18	-0,02620	
16,88	0,2105	86,33	328,84	-0,02619	
16,90	0,2111	87,14	329,30	-0,02606	
16,92	0,2117	88,92	329,71	-0,02596	
16,94	0,2123	87,79	330,30	-0,02596	
16,96	0,2129	86,01	331,02	-0,02608	
16,98	0,2135	87,57	331,54	-0,02623	
17,00	0,2141	90,16	331,88	-0,02622	
17,02	0,2148	89,06	332,48	-0,02610	
17,04	0,2155	85,97	333,26	-0,02605	
17,06	0,2160	87,36	333,85	-0,02600	
17,08	0,2165	90,38	334,23	-0,02605	
17,10	0,2171	90,71	334,66	-0,02615	
17,12	0,2178	88,78	335,27	-0,02621	
17,14	0,2184	89,05	335,90	-0,02620	
17,16	0,2188	90,42	336,37	-0,02612	
17,18	0,2192	89,98	336,81	-0,02598	
17,20	0,2199	86,66	337,44	-0,02591	
17,22	0,2206	85,93	338,10	-0,02594	
17,24	0,2212	88,05	338,62	-0,02606	
17,26	0,2217	88,99	339,06	-0,02617	
17,28	0,2222	87,62	339,59	-0,02613	
17,30	0,2229	86,63	340,29	-0,02604	
17,32	0,2235	87,89	340,88	-0,02600	
17,34	0,2240	89,41	341,27	-0,02596	
17,36	0,2245	89,28	341,77	-0,02594	
17,38	0,2252	87,13	342,49	-0,02600	
17,40	0,2256	87,95	343,04	-0,02616	
17,42	0,2261	90,48	343,49	-0,02621	
17,44	0,2266	89,88	344,07	-0,02622	
17,46	0,2273	88,14	344,65	-0,02618	
17,48	0,2279	89,72	345,10	-0,02609	
17,50	0,2284	90,90	345,61	-0,02600	
17,52	0,2290	88,27	346,25	-0,02601	
17,54	0,2295	87,28	346,81	-0,02613	
17,56	0,2300	89,21	347,25	-0,02623	
17,58	0,2306	89,12	347,81	-0,02626	
17,60	0,2313	87,15	348,48	-0,02617	
17,62	0,2318	87,74	349,03	-0,02600	
17,64	0,2323	89,58	349,49	-0,02588	
17,66	0,2328	88,78	350,01	-0,02596	
17,68	0,2334	87,35	350,61	-0,02613	
17,70	0,2339	88,07	351,18	-0,02623	
17,72	0,2345	89,09	351,69	-0,02617	
17,74	0,2350	89,64	352,19	-0,02606	
17,76	0,2356	89,52	352,78	-0,02596	
17,78	0,2362	89,80	353,36	-0,02589	
17,80	0,2367	90,26	353,89	-0,02597	
17,82	0,2373	89,87	354,40	-0,02617	
17,84	0,2378	89,56	354,92	-0,02626	
17,86	0,2384	89,39	355,52	-0,02623	
17,88	0,2389	89,81	356,10	-0,02612	
17,90	0,2394	91,00	356,56	-0,02601	
17,92	0,2400	91,38	357,12	-0,02590	
17,94	0,2406	89,65	357,81	-0,02591	
17,96	0,2411	90,44	358,34	-0,02601	
17,98	0,2416	92,71	358,80	-0,02613	
18,00	0,2421	91,67	359,37	-0,02624	
18,02	0,2427	88,95	359,94	-0,02623	
18,04	0,2432	89,57	360,45	-0,02609	
18,06	0,2437	90,67	360,93	-0,02600	
18,08	0,2443	90,24	361,47	-0,02598	
18,10	0,2450	89,87	362,08	-0,02606	
18,12	0,2455	90,57	362,65	-0,02614	
18,14	0,2459	91,95	363,17	-0,02616	
18,16	0,2464	91,74	363,76	-0,02616	
18,18	0,2471	91,38	364,31	-0,02615	
18,20	0,2476	93,27	364,77	-0,02608	
18,22	0,2481	93,85	365,36	-0,02599	
18,24	0,2487	92,67	365,93	-0,02596	
18,26	0,2492	93,63	366,42	-0,02609	
18,28	0,2497	93,93	367,01	-0,02620	
18,30	0,2502	92,71	367,59	-0,02618	
18,32	0,2507	93,67	368,08	-0,02608	
18,34	0,2512	95,32	368,60	-0,02601	
18,36	0,2518	93,70	369,27	-0,02596	
18,38	0,2523	93,03	369,86	-0,02603	
18,40	0,2527	96,50	370,27	-0,02620	
18,42	0,2532	97,81	370,77	-0,02628	
18,44	0,2539	95,43	371,47	-0,02622	
18,46	0,2544	94,93	372,09	-0,02608	
18,48	0,2547	97,33	372,52	-0,02599	
18,50	0,2551	97,72	372,97	-0,02596	
18,52	0,2558	95,70	373,54	-0,02595	
18,54	0,2564	95,12	374,17	-0,02613	
18,56	0,2568	96,26	374,70	-0,02627	
18,58	0,2572	97,33	375,17	-0,02622	
18,60	0,2577	96,83	375,73	-0,02613	
18,62	0,2583	96,56	376,33	-0,02606	
18,64	0,2587	98,00	376,85	-0,02598	
18,66	0,2591	98,48	377,38	-0,02597	
18,68	0,2596	96,52	377,99	-0,02607	
18,70	0,2600	95,75	378,56	-0,02621	
18,72	0,2604	97,94	379,00	-0,02623	
18,74	0,2608	99,01	379,50	-0,02616	
18,76	0,2615	97,44	380,20	-0,02609	
18,78	0,2621	96,64	380,87	-0,02605	
18,80	0,2625	98,05	381,32	-0,02607	
18,82	0,2629	99,56	381,73	-0,02614	
18,84	0,2634	99,22	382,31	-0,02619	
18,86	0,2638	99,07	382,92	-0,02619	
18,88	0,2643	100,62	383,43	-0,02610	
18,90	0,2647	100,07	383,94	-0,02599	
18,92	0,2652	96,95	384,52	-0,02598	
18,94	0,2656	96,13	385,10	-0,02598	
18,96	0,2660	98,80	385,59	-0,02606	
18,98	0,2665	99,99	386,15	-0,02613	
19,00	0,2670	99,01	386,81	-0,02612	
19,02	0,2674	100,05	387,35	-0,02610	
19,04	0,2678	102,71	387,78	-0,02605	
19,06	0,2682	102,31	388,33	-0,02603	
19,08	0,2688	99,71	388,99	-0,02603	
19,10	0,2692	100,72	389,55	-0,02608	
19,12	0,2696	102,64	390,00	-0,02617	
19,14	0,2700	101,76	390,52	-0,02622	
19,16	0,2706	100,50	391,16	-0,02616	
19,18	0,2711	101,84	391,72	-0,02604	
19,20	0,2715	103,57	392,20	-0,02597	
19,22	0,2718	103,42	392,73	-0,02594	
19,24	0,2723	103,38	393,30	-0,02604	
19,26	0,2727	104,93	393,82	-0,02616	
19,28	0,2731	105,79	394,30	-0,02621	
19,30	0,2736	104,40	394,90	-0,02615	
19,32	0,2741	103,12	395,57	-0,02607	
19,34	0,2745	103,98	396,12	-0,02600	
19,36	0,2748	106,13	396,54	-0,02601	
19,38	0,2752	107,19	397,05	-0,02613	
19,40	0,2757	106,16	397,69	-0,02622	
19,42	0,2761	105,86	398,29	-0,02624	
19,44	0,2765	106,95	398,75	-0,02617	
19,46	0,2769	107,20	399,22	-0,02603	
19,48	0,2775	105,38	399,86	-0,02592	
19,50	0,2779	105,85	400,44	-0,02593	
19,52	0,2782	108,38	400,94	-0,02605	
19,54	0,2786	107,95	401,52	-0,02617	
19,56	0,2790	106,74	402,09	-0,02626	
19,58	0,2795	108,16	402,58	-0,02623	
19,60	0,2799	108,91	403,12	-0,02605	
19,62	0,2803	107,67	403,70	-0,02593	
19,64	0,2806	107,95	404,24	-0,02594	
19,66	0,2810	109,36	404,75	-0,02604	
19,68	0,2815	108,67	405,33	-0,02617	
19,70	0,2819	108,18	405,90	-0,02620	
19,72	0,2822	109,66	406,41	-0,02616	
19,74	0,2826	110,20	406,95	-0,02612	
19,76	0,2831	109,29	407,51	-0,02598	
19,78	0,2835	110,31	408,03	-0,02587	
19,80	0,2839	111,24	408,60	-0,02586	
19,82	0,2843	110,35	409,23	-0,02593	
19,84	0,2846	110,39	409,76	-0,02607	
19,86	0,2850	111,88	410,24	-0,02613	
19,88	0,2854	112,37	410,78	-0,02605	
19,90	0,2858	111,66	411,35	-0,02596	
19,92	0,2861	111,95	411,93	-0,02591	
19,94	0,2865	111,48	412,49	-0,02592	
19,96	0,2868	110,54	413,00	-0,02609	
19,98	0,2872	111,08	413,50	-0,02622	
20,00	0,2876	112,19	414,04	-0,02623	
20,02	0,2880	111,78	414,63	-0,02616	
20,04	0,2884	111,20	415,20	-0,02605	
20,06	0,2888	110,99	415,72	-0,02599	
20,08	0,2891	110,84	416,27	-0,02598	
20,10	0,2895	110,88	416,85	-0,02604	
20,12	0,2899	112,15	417,36	-0,02609	
20,14	0,2903	113,54	417,90	-0,02614	
20,16	0,2907	112,87	418,51	-0,02613	
20,18	0,2911	112,68	419,06	-0,02608	
20,20	0,2914	113,67	419,55	-0,02603	
20,22	0,2918	113,70	420,09	-0,02604	
20,24	0,2922	112,73	420,68	-0,02617	
20,26	0,2926	113,63	421,23	-0,02627	
20,28	0,2929	115,16	421,76	-0,02626	
20,30	0,2933	114,69	422,29	-0,02614	
20,32	0,2936	114,81	422,82	-0,02600	
20,34	0,2940	115,90	423,39	-0,02597	
20,36	0,2943	116,39	423,97	-0,02602	
20,38	0,2947	117,04	424,46	-0,02610	
20,40	0,2951	118,11	424,99	-0,02620	
20,42	0,2955	117,47	425,58	-0,02625	
20,44	0,2958	117,21	426,14	-0,02619	
20,46	0,2961	118,01	426,68	-0,02609	
20,48	0,2965	117,43	427,25	-0,02600	
20,50	0,2968	117,15	427,79	-0,02603	
20,52	0,2972	118,58	428,28	-0,02614	
20,54	0,2976	118,70	428,82	-0,02617	
20,56	0,2980	116,63	429,46	-0,02617	
20,58	0,2984	116,52	430,04	-0,02611	
20,60	0,2987	118,09	430,52	-0,02603	
20,62	0,2990	118,23	431,04	-0,02596	
20,64	0,2994	117,64	431,60	-0,02601	
20,66	0,2998	118,71	432,14	-0,02611	
20,68	0,3002	119,23	432,69	-0,02616	
20,70	0,3005	118,47	433,23	-0,02617	
20,72	0,3009	118,90	433,78	-0,02613	
20,74	0,3012	119,05	434,36	-0,02605	
20,76	0,3016	118,26	434,93	-0,02598	
20,78	0,3019	118,78	435,45	-0,02599	
20,80	0,3022	119,57	435,94	-0,02606	
20,82	0,3025	119,18	436,48	-0,02613	
20,84	0,3029	118,13	437,08	-0,02617	
20,86	0,3032	117,61	437,67	-0,02616	
20,88	0,3035	118,10	438,18	-0,02612	
20,90	0,3039	118,56	438,71	-0,02603	
20,92	0,3043	118,10	439,29	-0,02597	
20,94	0,3047	118,80	439,84	-0,02603	
20,96	0,3050	120,20	440,35	-0,02611	
20,98	0,3053	120,54	440,89	-0,02618	
21,00	0,3057	120,12	441,46	-0,02618	
21,02	0,3061	120,88	442,00	-0,02607	
21,04	0,3064	121,41	442,53	-0,02597	
21,06	0,3068	120,61	443,10	-0,02602	
21,08	0,3071	119,89	443,68	-0,02611	
21,10	0,3074	119,82	444,21	-0,02620	
21,12	0,3077	119,89	444,73	-0,02623	
21,14	0,3081	119,78	445,28	-0,02613	
21,16	0,3084	119,87	445,83	-0,02603	
21,18	0,3088	120,66	446,35	-0,02598	
21,20	0,3090	120,55	446,90	-0,02598	
21,22	0,3094	118,88	447,52	-0,02602	
21,24	0,3098	118,81	448,10	-0,02610	
21,26	0,3101	120,14	448,59	-0,02623	
21,28	0,3104	119,85	449,11	-0,02627	
21,30	0,3108	118,41	449,69	-0,02613	
21,32	0,3111	118,73	450,25	-0,02598	
21,34	0,3115	120,13	450,76	-0,02593	
21,36	0,3118	120,58	451,28	-0,02600	
21,38	0,3121	120,16	451,85	-0,02610	
21,40	0,3125	119,90	452,41	-0,02610	
21,42	0,3128	120,03	452,93	-0,02614	
21,44	0,3131	119,90	453,49	-0,02610	
21,46	0,3135	119,65	454,07	-0,02600	
21,48	0,3139	119,72	454,60	-0,02593	
21,50	0,3143	120,59	455,10	-0,02592	
21,52	0,3146	120,51	455,66	-0,02604	
21,54	0,3150	119,96	456,26	-0,02616	
21,56	0,3153	120,38	456,83	-0,02620	
21,58	0,3156	120,91	457,33	-0,02612	
21,60	0,3159	120,68	457,85	-0,02598	
21,62	0,3163	119,12	458,42	-0,02593	
21,64	0,3166	118,97	458,99	-0,02601	
21,66	0,3169	120,19	459,52	-0,02621	
21,68	0,3173	120,48	460,05	-0,02635	
21,70	0,3176	119,01	460,63	-0,02626	
21,72	0,3180	118,43	461,16	-0,02608	
21,74	0,3183	119,33	461,69	-0,02596	
21,76	0,3186	119,33	462,27	-0,02590	
21,78	0,3190	118,97	462,82	-0,02598	
21,80	0,3193	119,48	463,34	-0,02618	
21,82	0,3196	119,71	463,87	-0,02628	
21,84	0,3200	119,02	464,46	-0,02623	
21,86	0,3203	119,19	465,02	-0,02614	
21,88	0,3206	120,25	465,54	-0,02609	
21,90	0,3210	119,77	466,08	-0,02604	
21,92	0,3215	119,49	466,63	-0,02606	
21,94	0,3218	120,28	467,19	-0,02615	
21,96	0,3222	120,85	467,73	-0,02617	
21,98	0,3225	120,93	468,26	-0,02616	
22,00	0,3228	120,99	468,79	-0,02613	
22,02	0,3231	121,00	469,33	-0,02605	
22,04	0,3235	120,97	469,89	-0,02604	
22,06	0,3238	120,54	470,45	-0,02608	
22,08	0,3240	120,16	470,98	-0,02615	
22,10	0,3244	119,43	471,54	-0,02627	
22,12	0,3247	118,24	472,14	-0,02634	
22,14	0,3250	118,85	472,67	-0,02621	
22,16	0,3254	119,10	473,20	-0,02605	
22,18	0,3257	117,87	473,75	-0,02596	
22,20	0,3260	117,96	474,27	-0,02597	
22,22	0,3263	118,90	474,83	-0,02611	
22,24	0,3267	118,45	475,42	-0,02628	
22,26	0,3271	118,45	475,94	-0,02633	
22,28	0,3275	119,21	476,44	-0,02621	
22,30	0,3278	118,59	477,01	-0,02607	
22,32	0,3281	117,72	477,59	-0,02599	
22,34	0,3284	117,44	478,13	-0,02594	
22,36	0,3287	117,54	478,64	-0,02602	
22,38	0,3291	117,55	479,19	-0,02617	
22,40	0,3295	117,49	479,75	-0,02621	
22,42	0,3299	117,45	480,32	-0,02614	
22,44	0,3302	117,50	480,86	-0,02603	
22,46	0,3305	117,50	481,38	-0,02592	
22,48	0,3309	116,80	481,95	-0,02591	
22,50	0,3313	116,31	482,53	-0,02602	
22,52	0,3316	116,50	483,03	-0,02613	
22,54	0,3319	116,41	483,56	-0,02617	
22,56	0,3323	115,17	484,16	-0,02615	
22,58	0,3326	114,97	484,71	-0,02604	
22,60	0,3329	115,85	485,22	-0,02599	
22,62	0,3332	115,31	485,79	-0,02600	
22,64	0,3336	114,46	486,38	-0,02609	
22,66	0,3339	115,38	486,87	-0,02622	
22,68	0,3343	116,42	487,40	-0,02628	
22,70	0,3346	114,73	488,02	-0,02623	
22,72	0,3349	114,25	488,55	-0,02607	
22,74	0,3352	115,42	489,07	-0,02595	
22,76	0,3356	113,92	489,65	-0,02594	
22,78	0,3361	112,29	490,19	-0,02605	
22,80	0,3364	112,89	490,70	-0,02620	
22,82	0,3368	112,21	491,29	-0,02624	
22,84	0,3372	111,05	491,86	-0,02611	
22,86	0,3376	112,35	492,33	-0,02591	
22,88	0,3379	112,93	492,87	-0,02585	
22,90	0,3383	111,04	493,54	-0,02593	
22,92	0,3386	111,38	494,05	-0,02609	
22,94	0,3389	113,60	494,51	-0,02620	
22,96	0,3393	111,67	495,16	-0,02618	
22,98	0,3397	109,89	495,75	-0,02614	
23,00	0,3401	111,98	496,20	-0,02605	
23,02	0,3404	112,52	496,70	-0,02596	
23,04	0,3408	109,68	497,32	-0,02591	
23,06	0,3412	109,26	497,84	-0,02605	
23,08	0,3416	111,70	498,29	-0,02620	
23,10	0,3420	110,50	498,95	-0,02626	
23,12	0,3424	108,64	499,61	-0,02624	
23,14	0,3428	110,63	500,09	-0,02610	
23,16	0,3431	111,37	500,63	-0,02598	
23,18	0,3435	109,90	501,14	-0,02598	
23,20	0,3438	111,16	501,60	-0,02611	
23,22	0,3443	112,06	502,20	-0,02625	
23,24	0,3448	109,31	502,83	-0,02630	
23,26	0,3451	108,60	503,34	-0,02622	
23,28	0,3455	109,32	503,85	-0,02607	
23,30	0,3459	107,97	504,44	-0,02599	
23,32	0,3464	107,81	504,97	-0,02600	
23,34	0,3468	109,60	505,45	-0,02608	
23,36	0,3472	108,93	506,05	-0,02619	
23,38	0,3476	107,63	506,61	-0,02625	
23,40	0,3479	109,16	507,07	-0,02624	
23,42	0,3484	108,84	507,65	-0,02626	
23,44	0,3489	106,48	508,30	-0,02619	
23,46	0,3492	106,83	508,82	-0,02602	
23,48	0,3495	108,08	509,28	-0,02602	
23,50	0,3500	106,31	509,93	-0,02616	
23,52	0,3505	104,24	510,57	-0,02625	
23,54	0,3508	106,80	510,99	-0,02624	
23,56	0,3512	108,33	511,50	-0,02621	
23,58	0,3517	106,13	512,15	-0,02616	
23,60	0,3521	107,32	512,65	-0,02605	
23,62	0,3526	108,56	513,24	-0,02592	
23,64	0,3530	105,24	513,86	-0,02605	
23,66	0,3533	104,19	514,29	-0,02626	
23,68	0,3537	105,39	514,82	-0,02627	
23,70	0,3542	103,89	515,43	-0,02618	
23,72	0,3545	103,71	515,89	-0,02604	
23,74	0,3549	104,55	516,45	-0,02596	
23,76	0,3554	101,76	517,09	-0,02593	
23,78	0,3557	100,80	517,58	-0,02601	
23,80	0,3560	103,20	518,03	-0,02613	
23,82	0,3565	101,18	518,70	-0,02625	
23,84	0,3571	98,02	519,36	-0,02616	
23,86	0,3574	100,14	519,74	-0,02604	
23,88	0,3577	101,58	520,24	-0,02600	
23,90	0,3583	98,15	520,98	-0,02596	
23,92	0,3587	97,84	521,52	-0,02607	
23,94	0,3591	99,75	522,00	-0,02617	
23,96	0,3596	97,43	522,54	-0,02621	
23,98	0,3601	94,92	523,03	-0,02621	
24,00	0,3606	95,50	523,56	-0,02617	
24,02	0,3610	95,15	524,15	-0,02610	
24,04	0,3613	94,49	524,63	-0,02603	
24,06	0,3618	94,81	525,20	-0,02600	
24,08	0,3623	94,49	525,81	-0,02616	
24,10	0,3627	96,00	526,28	-0,02629	
24,12	0,3632	97,02	526,86	-0,02629	
24,14	0,3637	95,58	527,48	-0,02620	
24,16	0,3640	96,20	527,95	-0,02610	
24,18	0,3645	96,99	528,49	-0,02607	
24,20	0,3650	94,52	529,08	-0,02611	
24,22	0,3655	93,53	529,58	-0,02621	
24,24	0,3660	94,20	530,14	-0,02632	
24,26	0,3664	92,18	530,71	-0,02633	
24,28	0,3669	91,87	531,20	-0,02619	
24,30	0,3674	92,54	531,75	-0,02607	
24,32	0,3679	91,17	532,36	-0,02604	
24,34	0,3683	91,50	532,86	-0,02602	
24,36	0,3687	92,67	533,37	-0,02610	
24,38	0,3692	90,77	534,02	-0,02619	
24,40	0,3697	89,47	534,58	-0,02622	
24,42	0,3700	91,91	534,98	-0,02616	
24,44	0,3706	91,63	535,58	-0,02609	
24,46	0,3713	88,83	536,27	-0,02605	
24,48	0,3717	90,82	536,75	-0,02607	
24,50	0,3721	92,07	537,30	-0,02612	
24,52	0,3727	89,74	537,85	-0,02616	
24,54	0,3732	89,64	538,29	-0,02623	
24,56	0,3737	89,70	538,89	-0,02621	
24,58	0,3742	86,95	539,49	-0,02608	
24,60	0,3746	87,16	539,95	-0,02600	
24,62	0,3752	87,40	540,58	-0,02602	
24,64	0,3758	85,13	541,17	-0,02618	
24,66	0,3762	86,22	541,62	-0,02630	
24,68	0,3767	86,70	542,23	-0,02630	
24,70	0,3771	83,52	542,80	-0,02618	
24,72	0,3776	83,47	543,26	-0,02612	
24,74	0,3781	84,03	543,82	-0,02604	
24,76	0,3787	82,66	544,32	-0,02600	
24,78	0,3792	83,37	544,81	-0,02608	
24,80	0,3798	82,79	545,52	-0,02623	
24,82	0,3803	80,20	546,14	-0,02635	
24,84	0,3809	80,74	546,59	-0,02631	
24,86	0,3815	81,07	547,13	-0,02618	
24,88	0,3821	79,59	547,68	-0,02607	
24,90	0,3826	80,63	548,17	-0,02608	
24,92	0,3831	81,20	548,75	-0,02614	
24,94	0,3837	79,28	549,32	-0,02623	
24,96	0,3842	78,79	549,81	-0,02632	
24,98	0,3847	78,29	550,36	-0,02634	
25,00	0,3854	76,21	550,95	-0,02622	
25,02	0,3859	76,57	551,42	-0,02608	
25,04	0,3864	78,14	551,94	-0,02603	
25,06	0,3871	76,09	552,67	-0,02610	
25,08	0,3876	75,16	553,17	-0,02620	
25,10	0,3880	77,27	553,56	-0,02626	
25,12	0,3887	75,45	554,29	-0,02622	
25,14	0,3893	73,17	554,95	-0,02613	
25,16	0,3897	75,14	555,37	-0,02599	
25,18	0,3904	74,28	555,90	-0,02590	
25,20	0,3910	69,67	556,45	-0,02593	
25,22	0,3915	69,24	556,94	-0,02608	
25,24	0,3921	69,28	557,49	-0,02624	
25,26	0,3927	66,65	557,99	-0,02628	
25,28	0,3934	66,21	558,51	-0,02616	
25,30	0,3941	65,60	559,18	-0,02602	
25,32	0,3945	65,09	559,71	-0,02596	
25,34	0,3951	66,64	560,22	-0,02601	
25,36	0,3958	65,65	560,88	-0,02610	
25,38	0,3964	64,44	561,35	-0,02619	
25,40	0,3970	65,54	561,84	-0,02614	
25,42	0,3978	63,79	562,56	-0,02603	
25,44	0,3984	61,62	563,09	-0,02607	
25,46	0,3989	62,14	563,56	-0,02604	
25,48	0,3995	60,52	564,15	-0,02598	
25,50	0,4001	59,36	564,62	-0,02604	
25,52	0,4008	60,12	565,18	-0,02616	
25,54	0,4015	57,81	565,82	-0,02621	
25,56	0,4021	57,19	566,25	-0,02614	
25,58	0,4027	58,18	566,79	-0,02598	
25,60	0,4035	55,03	567,47	-0,02588	
25,62	0,4041	53,87	567,95	-0,02592	
25,64	0,4048	54,79	568,50	-0,02608	
25,66	0,4055	52,26	569,09	-0,02618	
25,68	0,4061	52,11	569,51	-0,02621	
25,70	0,4068	53,46	570,12	-0,02618	
25,72	0,4075	51,26	570,78	-0,02611	
25,74	0,4081	50,87	571,20	-0,02600	
25,76	0,4088	51,46	571,74	-0,02598	
25,78	0,4095	48,37	572,39	-0,02609	
25,80	0,4101	47,36	572,86	-0,02620	
25,82	0,4108	47,97	573,37	-0,02617	
25,84	0,4116	44,84	574,04	-0,02609	
25,86	0,4123	43,68	574,51	-0,02602	
25,88	0,4130	46,16	574,88	-0,02602	
25,90	0,4139	44,97	575,59	-0,02608	
25,92	0,4146	41,87	576,29	-0,02621	
25,94	0,4151	44,46	576,64	-0,02632	
25,96	0,4159	45,35	577,18	-0,02626	
25,98	0,4169	40,69	578,00	-0,02615	
26,00	0,4175	39,53	578,52	-0,02602	
26,02	0,4182	41,30	578,91	-0,02597	
26,04	0,4190	38,04	579,48	-0,02602	
26,06	0,4197	34,90	579,99	-0,02613	
26,08	0,4205	37,50	580,36	-0,02619	
26,10	0,4213	37,24	581,00	-0,02619	
26,12	0,4223	33,09	581,77	-0,02607	
26,14	0,4229	34,83	582,15	-0,02591	
26,16	0,4235	38,05	582,61	-0,02587	
26,18	0,4245	34,94	583,43	-0,02591	
26,20	0,4253	32,13	584,06	-0,02603	
26,22	0,4259	34,15	584,35	-0,02616	
26,24	0,4267	33,26	584,86	-0,02619	
26,26	0,4276	27,71	585,59	-0,02611	
26,28	0,4285	27,99	585,97	-0,02603	
26,30	0,4291	32,71	586,22	-0,02595	
26,32	0,4300	30,31	587,08	-0,02589	
26,34	0,4311	25,18	588,13	-0,02599	
26,36	0,4319	27,18	588,53	-0,02617	
26,38	0,4325	31,82	588,53	-0,02617	
26,40	0,4333	28,98	589,07	-0,02605	
26,42	0,4345	23,30	590,18	-0,02600	
26,44	0,4354	23,35	590,88	-0,02600	
26,46	0,4360	26,64	590,95	-0,02602	
26,48	0,4366	25,94	591,18	-0,02612	
26,50	0,4376	20,72	592,14	-0,02627	
26,52	0,4385	18,68	593,10	-0,02632	
26,54	0,4391	20,67	593,36	-0,02624	
26,56	0,4397	21,32	593,44	-0,02614	
26,58	0,4407	16,57	594,18	-0,02603	
26,60	0,4417	12,37	595,20	-0,02600	
26,62	0,4425	14,79	595,64	-0,02610	
26,64	0,4430	16,45	595,69	-0,02630	
26,66	0,4438	11,86	596,19	-0,02636	
26,68	0,4448	5,695	597,28	-0,02629	
26,70	0,4456	5,466	598,03	-0,02620	
26,72	0,4461	8,191	598,11	-0,02602	
26,74	0,4466	7,131	598,27	-0,02592	
26,76	0,4475	1,543	599,16	-0,02600	
26,78	0,4485	-2,161	600,22	-0,02615	
26,80	0,4492	-1,309	600,56	-0,02627	
26,82	0,4497	0,3903	600,29	-0,02626	
26,84	0,4503	2,637	599,86	-0,02607	
26,86	0,4511	8,611	599,58	-0,02594	
26,88	0,4519	15,08	599,57	-0,02594	
26,90	0,4526	16,91	599,68	-0,02606	
26,92	0,4532	18,63	599,63	-0,02616	
26,94	0,4537	22,29	599,51	-0,02617	
26,96	0,4543	24,36	599,64	-0,02610	
26,98	0,4549	27,58	599,85	-0,02607	
27,00	0,4555	35,82	599,78	-0,02609	
27,02	0,4559	44,44	599,58	-0,02609	
27,04	0,4565	47,64	599,60	-0,02606	
27,06	0,4572	49,37	599,73	-0,02613	
27,08	0,4575	54,99	599,68	-0,02618	
27,10	0,4578	59,81	599,54	-0,02613	
27,12	0,4583	59,58	599,61	-0,02603	
27,14	0,4588	59,71	599,75	-0,02602	
27,16	0,4592	65,35	599,68	-0,02605	
27,18	0,4595	71,53	599,55	-0,02610	
27,20	0,4600	71,94	599,63	-0,02617	
27,22	0,4604	72,60	599,73	-0,02624	
27,24	0,4606	78,51	599,63	-0,02624	
27,26	0,4609	83,30	599,53	-0,02611	
27,28	0,4614	82,40	599,66	-0,02597	
27,30	0,4619	82,66	599,81	-0,02597	
27,32	0,4621	88,40	599,72	-0,02610	
27,34	0,4623	93,47	599,56	-0,02625	
27,36	0,4627	93,20	599,65	-0,02632	
27,38	0,4631	93,04	599,82	-0,02626	
27,40	0,4634	96,75	599,75	-0,02611	
27,42	0,4634	100,74	599,58	-0,02598	
27,44	0,4637	100,17	599,60	-0,02599	
27,46	0,4641	100,01	599,70	-0,02605	
27,48	0,4643	105,44	599,63	-0,02612	
27,50	0,4645	110,29	599,52	-0,02616	
27,52	0,4648	109,16	599,63	-0,02615	
27,54	0,4651	107,84	599,77	-0,02611	
27,56	0,4654	112,27	599,70	-0,02607	
27,58	0,4654	116,88	599,57	-0,02604	
27,60	0,4657	116,13	599,62	-0,02605	
27,62	0,4661	115,94	599,72	-0,02617	
27,64	0,4662	120,25	599,65	-0,02631	
27,66	0,4661	122,87	599,56	-0,02631	
27,68	0,4664	121,36	599,61	-0,02616	
27,70	0,4667	122,14	599,65	-0,02605	
27,72	0,4668	125,94	599,57	-0,02598	
27,74	0,4668	127,44	599,54	-0,02592	
27,76	0,4671	125,49	599,68	-0,02602	
27,78	0,4675	125,78	599,80	-0,02623	
27,80	0,4676	130,26	599,73	-0,02633	
27,82	0,4675	134,49	599,58	-0,02624	
27,84	0,4676	135,66	599,57	-0,02614	
27,86	0,4680	135,58	599,69	-0,02608	
27,88	0,4682	136,93	599,71	-0,02602	
27,90	0,4682	138,74	599,60	-0,02611	
27,92	0,4682	138,20	599,56	-0,02626	
27,94	0,4682	136,53	599,68	-0,02631	
27,96	0,4683	138,39	599,72	-0,02627	
27,98	0,4684	142,92	599,61	-0,02615	
28,00	0,4686	144,15	599,53	-0,02603	
28,02	0,4689	142,25	599,64	-0,02600	
28,04	0,4690	142,66	599,78	-0,02610	
28,06	0,4690	146,02	599,72	-0,02619	
28,08	0,4688	148,67	599,58	-0,02624	
28,10	0,4689	148,63	599,55	-0,02619	
28,12	0,4693	148,09	599,66	-0,02611	
28,14	0,4695	149,22	599,68	-0,02605	
28,16	0,4695	151,45	599,58	-0,02605	
28,18	0,4695	151,13	599,56	-0,02609	
28,20	0,4696	148,80	599,69	-0,02616	
28,22	0,4696	149,46	599,74	-0,02623	
28,24	0,4695	153,18	599,64	-0,02625	
28,26	0,4695	154,53	599,56	-0,02608	
28,28	0,4696	153,13	599,63	-0,02587	
28,30	0,4696	153,37	599,70	-0,02594	
28,32	0,4696	156,54	599,62	-0,02609	
28,34	0,4695	157,48	599,54	-0,02620	
28,36	0,4698	155,09	599,62	-0,02621	
28,38	0,4701	154,57	599,70	-0,02613	
28,40	0,4702	157,03	599,64	-0,02609	
28,42	0,4702	158,63	599,54	-0,02605	
28,44	0,4702	157,37	599,59	-0,02597	
28,46	0,4703	156,09	599,72	-0,02597	
28,48	0,4703	158,14	599,72	-0,02605	
28,50	0,4702	161,37	599,61	-0,02609	
28,52	0,4702	161,47	599,58	-0,02614	
28,54	0,4703	160,17	599,62	-0,02613	
28,56	0,4702	161,54	599,58	-0,02604	
28,58	0,4702	162,39	599,55	-0,02589	
28,60	0,4703	159,68	599,64	-0,02586	
28,62	0,4703	157,94	599,71	-0,02606	
28,64	0,4702	161,04	599,63	-0,02627	
28,66	0,4702	163,69	599,55	-0,02632	
28,68	0,4702	163,23	599,60	-0,02625	
28,70	0,4703	162,49	599,71	-0,02610	
28,72	0,4703	163,92	599,68	-0,02601	
28,74	0,4702	165,34	599,56	-0,02604	
28,76	0,4702	164,22	599,57	-0,02609	
28,78	0,4703	162,82	599,71	-0,02611	
28,80	0,4703	163,73	599,75	-0,02619	
28,82	0,4702	165,42	599,63	-0,02621	
28,84	0,4702	165,43	599,53	-0,02610	
28,86	0,4702	164,36	599,61	-0,02597	
28,88	0,4703	164,24	599,74	-0,02592	
28,90	0,4703	165,04	599,71	-0,02601	
28,92	0,4701	165,95	599,58	-0,02621	
28,94	0,4704	165,23	599,58	-0,02630	
28,96	0,4708	164,99	599,70	-0,02623	
28,98	0,4709	166,97	599,69	-0,02611	
29,00	0,4708	168,48	599,57	-0,02604	
29,02	0,4708	166,21	599,56	-0,02609	
29,04	0,4709	162,92	599,71	-0,02617	
29,06	0,4710	163,74	599,78	-0,02630	
29,08	0,4709	167,11	599,66	-0,02629	
29,10	0,4708	168,19	599,56	-0,02618	
29,12	0,4709	166,68	599,64	-0,02607	
29,14	0,4710	166,45	599,70	-0,02599	
29,16	0,4709	168,15	599,61	-0,02602	
29,18	0,4708	167,90	599,53	-0,02615	
29,20	0,4709	165,13	599,60	-0,02629	
29,22	0,4710	164,48	599,70	-0,02632	
29,24	0,4709	166,88	599,65	-0,02624	
29,26	0,4708	167,64	599,55	-0,02610	
29,28	0,4709	165,84	599,59	-0,02603	
29,30	0,4709	165,21	599,68	-0,02605	
29,32	0,4709	167,16	599,64	-0,02622	
29,34	0,4708	168,62	599,54	-0,02631	
29,36	0,4709	167,43	599,59	-0,02623	
29,38	0,4709	166,10	599,70	-0,02615	
29,40	0,4709	167,58	599,67	-0,02616	
29,42	0,4708	169,39	599,55	-0,02615	
29,44	0,4708	167,92	599,57	-0,02610	
29,46	0,4709	166,10	599,70	-0,02615	
29,48	0,4710	166,95	599,72	-0,02629	
29,50	0,4708	168,80	599,59	-0,02641	
29,52	0,4708	168,51	599,52	-0,02630	
29,54	0,4709	166,47	599,66	-0,02603	
29,56	0,4710	166,26	599,80	-0,02602	
29,58	0,4709	167,82	599,75	-0,02615	
29,60	0,4708	168,28	599,59	-0,02627	
29,62	0,4708	166,85	599,57	-0,02638	
29,64	0,4709	166,51	599,66	-0,02639	
29,66	0,4709	167,90	599,65	-0,02625	
29,68	0,4708	168,92	599,54	-0,02602	
29,70	0,4708	167,31	599,56	-0,02590	
29,72	0,4710	164,98	599,75	-0,02593	
29,74	0,4710	165,72	599,84	-0,02606	
29,76	0,4709	168,19	599,70	-0,02625	
29,78	0,4708	169,15	599,61	-0,02636	
29,80	0,4709	167,52	599,74	-0,02634	
29,82	0,4710	168,43	599,81	-0,02626	
29,84	0,4709	170,94	599,68	-0,02623	
29,86	0,4708	170,30	599,59	-0,02619	
29,88	0,4709	166,65	599,63	-0,02614	
29,90	0,4709	166,57	599,62	-0,02620	
29,92	0,4709	168,05	599,55	-0,02639	
29,94	0,4709	166,95	599,58	-0,02643	
29,96	0,4709	164,75	599,69	-0,02602	
29,98	0,4709	166,54	599,67	-0,03088	
30,00	0,4708	170,17	599,55	-0,04533	
30,02	0,4709	170,24	599,58	-0,06519	
30,04	0,4710	167,80	599,78	-0,1026	
30,06	0,4710	168,52	599,84	-0,1275	
30,08	0,4709	171,30	599,70	-0,1374	
30,10	0,4708	172,90	599,58	-0,1340	
30,12	0,4709	171,89	599,66	-0,1384	
30,14	0,4710	172,51	599,72	-0,1442	
30,16	0,4709	174,62	599,62	-0,1465	
30,18	0,4708	173,49	599,54	-0,1486	
30,20	0,4709	169,93	599,61	-0,1327	
30,22	0,4710	169,12	599,69	-0,1146	
30,24	0,4709	171,29	599,62	-0,1025	
30,26	0,4708	172,39	599,54	-0,09616	
30,28	0,4709	170,76	599,63	-0,09378	
30,30	0,4710	170,45	599,73	-0,09306	
30,32	0,4709	173,30	599,66	-0,09270	
30,34	0,4709	175,31	599,55	-0,09264	
30,36	0,4709	174,29	599,56	-0,09243	
30,38	0,4709	172,90	599,69	-0,09214	
30,40	0,4709	173,85	599,71	-0,09193	
30,42	0,4705	175,31	599,58	-0,09187	
30,44	0,4702	174,48	599,55	-0,09179	
30,46	0,4703	172,73	599,68	-0,09175	
30,48	0,4703	173,37	599,73	-0,09177	
30,50	0,4702	175,92	599,61	-0,09174	
30,52	0,4702	175,69	599,54	-0,09167	
30,54	0,4703	173,27	599,67	-0,09152	
30,56	0,4703	172,98	599,75	-0,09145	
30,58	0,4702	174,81	599,66	-0,09138	
30,60	0,4701	175,36	599,55	-0,09143	
30,62	0,4702	172,61	599,61	-0,09153	
30,64	0,4703	171,44	599,71	-0,09151	
30,66	0,4702	173,62	599,65	-0,09132	
30,68	0,4701	175,07	599,53	-0,09116	
30,70	0,4702	172,36	599,60	-0,09112	
30,72	0,4703	170,32	599,75	-0,09111	
30,74	0,4703	171,96	599,75	-0,09123	
30,76	0,4702	174,44	599,61	-0,09137	
30,78	0,4701	173,62	599,54	-0,09130	
30,80	0,4702	171,98	599,63	-0,09112	
30,82	0,4703	171,63	599,72	-0,09098	
30,84	0,4702	172,34	599,64	-0,09093	
30,86	0,4701	172,62	599,54	-0,08972	
30,88	0,4702	171,46	599,60	-0,08632	
30,90	0,4703	170,71	599,75	-0,06596	
30,92	0,4703	172,45	599,73	0,1245	
30,94	0,4702	174,75	599,59	0,5206	
30,96	0,4702	173,22	599,57	0,9866	
30,98	0,4703	170,47	599,68	1,274	
31,00	0,4703	171,57	599,67	1,149	
31,02	0,4702	173,36	599,56	0,7005	
31,04	0,4702	171,36	599,57	0,3832	
31,06	0,4703	168,50	599,71	0,2875	
31,08	0,4703	169,03	599,74	0,2838	
31,10	0,4702	171,47	599,60	0,2905	
31,12	0,4702	170,72	599,55	0,2911	
31,14	0,4703	167,59	599,70	0,2915	
31,16	0,4703	168,14	599,78	0,2944	
31,18	0,4702	171,16	599,65	0,2913	
31,20	0,4702	171,49	599,56	0,2746	
31,22	0,4702	168,23	599,65	0,2334	
31,24	0,4703	167,17	599,69	0,1944	
31,26	0,4702	169,72	599,59	0,1765	
31,28	0,4701	169,21	599,53	0,1761	
31,30	0,4702	165,53	599,64	0,1786	
31,32	0,4703	165,11	599,73	0,1779	
31,34	0,4702	167,82	599,63	0,1771	
31,36	0,4702	169,10	599,55	0,1783	
31,38	0,4703	167,42	599,64	0,1782	
31,40	0,4703	166,70	599,72	0,1729	
31,42	0,4702	168,72	599,63	0,1664	
31,44	0,4702	168,92	599,53	0,1647	
31,46	0,4702	166,23	599,59	0,1671	
31,48	0,4703	164,97	599,70	0,1706	
31,50	0,4703	166,86	599,66	0,1680	
31,52	0,4702	168,48	599,55	0,1640	
31,54	0,4702	167,10	599,57	0,1661	
31,56	0,4703	165,18	599,71	0,1655	
31,58	0,4703	166,45	599,73	0,1559	
31,60	0,4702	168,57	599,60	0,1328	
31,62	0,4702	167,71	599,54	0,1101	
31,64	0,4703	165,01	599,68	0,09853	
31,66	0,4703	164,44	599,78	0,09162	
31,68	0,4702	165,96	599,68	0,08839	
31,70	0,4702	166,11	599,56	0,08888	
31,72	0,4702	164,01	599,61	0,09108	
31,74	0,4703	163,08	599,71	0,09381	
31,76	0,4702	164,42	599,65	0,09517	
31,78	0,4701	165,39	599,54	0,09749	
31,80	0,4702	163,24	599,60	0,1011	
31,82	0,4703	161,81	599,76	0,1021	
31,84	0,4703	164,03	599,73	0,09925	
31,86	0,4702	166,16	599,58	0,09754	
31,88	0,4702	164,21	599,58	0,09891	
31,90	0,4703	161,65	599,70	0,09634	
31,92	0,4703	163,00	599,70	0,09486	
31,94	0,4702	165,04	599,57	0,1017	
31,96	0,4702	163,11	599,55	0,1067	
31,98	0,4703	159,30	599,69	0,1021	
32,00	0,4703	159,03	599,76	0,09575	
32,02	0,4702	161,31	599,64	0,09428	
32,04	0,4702	161,71	599,55	0,09094	
32,06	0,4702	159,90	599,65	0,08556	
32,08	0,4703	159,52	599,77	0,08671	
32,10	0,4702	161,14	599,69	0,09036	
32,12	0,4701	161,96	599,55	0,08654	
32,14	0,4702	159,70	599,58	0,08119	
32,16	0,4703	157,62	599,76	0,07947	
32,18	0,4703	158,48	599,78	0,07932	
32,20	0,4702	159,71	599,63	0,08815	
32,22	0,4702	158,58	599,58	0,1243	
32,24	0,4703	156,59	599,66	0,1671	
32,26	0,4703	158,20	599,65	0,1882	
32,28	0,4702	160,99	599,54	0,1486	
32,30	0,4702	159,45	599,59	0,04200	
32,32	0,4703	156,14	599,74	-0,03151	
32,34	0,4703	157,56	599,73	-0,05160	
32,36	0,4702	160,68	599,59	-0,05136	
32,38	0,4702	159,83	599,55	-0,04999	
32,40	0,4704	157,01	599,69	-0,05002	
32,42	0,4708	157,73	599,77	-0,05016	
32,44	0,4708	160,48	599,64	-0,05004	
32,46	0,4708	160,37	599,55	-0,04982	
32,48	0,4709	157,51	599,64	-0,04974	
32,50	0,4709	156,79	599,69	-0,04974	
32,52	0,4708	159,47	599,59	-0,04982	
32,54	0,4708	159,11	599,53	-0,04986	
32,56	0,4709	154,33	599,68	-0,04984	
32,58	0,4710	152,70	599,81	-0,04982	
32,60	0,4709	155,86	599,72	-0,04975	
32,62	0,4708	158,43	599,57	-0,04969	
32,64	0,4709	157,35	599,59	-0,04962	
32,66	0,4710	155,91	599,69	-0,04964	
32,68	0,4709	157,08	599,63	-0,04980	
32,70	0,4708	157,58	599,53	-0,04989	
32,72	0,4709	154,18	599,61	-0,04982	
32,74	0,4710	151,84	599,77	-0,04962	
32,76	0,4709	154,24	599,73	-0,04956	
32,78	0,4708	157,59	599,58	-0,04954	
32,80	0,4710	156,59	599,57	-0,04950	
32,82	0,4714	154,31	599,70	-0,04947	
32,84	0,4716	155,33	599,72	-0,04928	
32,86	0,4715	158,06	599,59	-0,04905	
32,88	0,4715	157,69	599,55	-0,04887	
32,90	0,4716	155,69	599,67	-0,04872	
32,92	0,4716	156,08	599,70	-0,04861	
32,94	0,4715	157,82	599,59	-0,04851	
32,96	0,4715	157,06	599,54	-0,04843	
32,98	0,4716	154,94	599,66	-0,04840	
33,00	0,4716	155,51	599,71	-0,04839	
33,02	0,4715	157,90	599,60	-0,04833	
33,04	0,4715	158,26	599,52	-0,04830	
33,06	0,4716	156,35	599,67	-0,04822	
33,08	0,4716	156,08	599,80	-0,04829	
33,10	0,4716	157,82	599,73	-0,04849	
33,12	0,4715	158,98	599,58	-0,04854	
33,14	0,4718	157,55	599,58	-0,04851	
33,16	0,4722	155,95	599,70	-0,04878	
33,18	0,4722	157,00	599,68	-0,04926	
33,20	0,4722	158,47	599,56	-0,04969	
33,22	0,4722	156,52	599,58	-0,05001	
33,24	0,4723	154,41	599,71	-0,05015	
33,26	0,4723	157,02	599,71	-0,04991	
33,28	0,4721	160,66	599,58	-0,04951	
33,30	0,4722	159,67	599,58	-0,04912	
33,32	0,4723	156,82	599,70	-0,04833	
33,34	0,4723	157,86	599,70	-0,04775	
33,36	0,4722	160,71	599,58	-0,04749	
33,38	0,4722	159,81	599,55	-0,04752	
33,40	0,4723	157,08	599,68	-0,04789	
33,42	0,4723	157,89	599,72	-0,04813	
33,44	0,4722	161,01	599,60	-0,04825	
33,46	0,4721	160,69	599,55	-0,04831	
33,48	0,4722	157,60	599,68	-0,04865	
33,50	0,4723	157,93	599,74	-0,04919	
33,52	0,4722	160,96	599,63	-0,04949	
33,54	0,4722	160,78	599,55	-0,04961	
33,56	0,4726	157,50	599,65	-0,04957	
33,58	0,4729	156,70	599,72	-0,04957	
33,60	0,4729	159,70	599,62	-0,04942	
33,62	0,4728	160,92	599,52	-0,04920	
33,64	0,4729	158,18	599,63	-0,04907	
33,66	0,4730	156,91	599,78	-0,04900	
33,68	0,4729	159,52	599,73	-0,04862	
33,70	0,4728	161,51	599,58	-0,04807	
33,72	0,4728	159,16	599,58	-0,04744	
33,74	0,4730	157,32	599,70	-0,04699	
33,76	0,4729	159,44	599,67	-0,04686	
33,78	0,4728	161,45	599,55	-0,04693	
33,80	0,4729	159,14	599,59	-0,04704	
33,82	0,4730	156,37	599,74	-0,04714	
33,84	0,4729	157,79	599,73	-0,04739	
33,86	0,4728	161,15	599,58	-0,04777	
33,88	0,4728	160,58	599,57	-0,04811	
33,90	0,4729	157,46	599,70	-0,04846	
33,92	0,4729	158,10	599,69	-0,04889	
33,94	0,4728	159,88	599,57	-0,04911	
33,96	0,4729	157,90	599,56	-0,04902	
33,98	0,4733	155,29	599,69	-0,04892	
34,00	0,4735	156,65	599,69	-0,04888	
34,02	0,4735	159,99	599,56	-0,04875	
34,04	0,4735	159,58	599,54	-0,04849	
34,06	0,4736	156,62	599,70	-0,04805	
34,08	0,4736	156,41	599,79	-0,04748	
34,10	0,4735	158,92	599,67	-0,04707	
34,12	0,4735	159,49	599,57	-0,04671	
34,14	0,4736	157,37	599,64	-0,04642	
34,16	0,4736	156,89	599,68	-0,04615	
34,18	0,4735	158,98	599,57	-0,04600	
34,20	0,4735	158,42	599,55	-0,04596	
34,22	0,4736	154,41	599,70	-0,04604	
34,24	0,4736	154,19	599,76	-0,04631	
34,26	0,4735	157,43	599,62	-0,04659	
34,28	0,4735	157,96	599,56	-0,04678	
34,30	0,4736	154,94	599,70	-0,04679	
34,32	0,4736	154,87	599,77	-0,04680	
34,34	0,4735	157,68	599,65	-0,04683	
34,36	0,4735	158,11	599,55	-0,04687	
34,38	0,4739	155,13	599,65	-0,04692	
34,40	0,4742	154,85	599,72	-0,04694	
34,42	0,4742	157,53	599,61	-0,04690	
34,44	0,4741	158,05	599,52	-0,04683	
34,46	0,4742	154,89	599,66	-0,04673	
34,48	0,4743	153,50	599,81	-0,04674	
34,50	0,4742	156,11	599,73	-0,04685	
34,52	0,4741	158,20	599,57	-0,04693	
34,54	0,4742	156,56	599,60	-0,04694	
34,56	0,4743	155,36	599,71	-0,04682	
34,58	0,4742	156,99	599,67	-0,04650	
34,60	0,4741	158,55	599,55	-0,04606	
34,62	0,4742	156,74	599,58	-0,04573	
34,64	0,4743	155,18	599,70	-0,04555	
34,66	0,4743	157,56	599,67	-0,04551	
34,68	0,4742	160,01	599,55	-0,04556	
34,70	0,4744	157,63	599,59	-0,04553	
34,72	0,4748	155,30	599,73	-0,04546	
34,74	0,4749	156,62	599,71	-0,04538	
34,76	0,4748	158,48	599,56	-0,04519	
34,78	0,4749	156,59	599,58	-0,04493	
34,80	0,4750	153,45	599,74	-0,04485	
34,82	0,4750	154,36	599,77	-0,04501	
34,84	0,4748	157,61	599,63	-0,04520	
34,86	0,4748	157,85	599,53	-0,04525	
34,88	0,4749	156,00	599,65	-0,04520	
34,90	0,4750	155,97	599,77	-0,04502	
34,92	0,4749	157,90	599,69	-0,04482	
34,94	0,4748	158,20	599,55	-0,04474	
34,96	0,4749	155,77	599,59	-0,04485	
34,98	0,4750	154,32	599,71	-0,04493	
35,00	0,4749	156,50	599,67	-0,04481	
35,02	0,4748	158,27	599,56	-0,04451	
35,04	0,4750	155,85	599,61	-0,04416	
35,06	0,4754	153,97	599,71	-0,04374	
35,08	0,4756	157,07	599,65	-0,04362	
35,10	0,4755	159,92	599,54	-0,04364	
35,12	0,4756	157,62	599,60	-0,04357	
35,14	0,4756	155,35	599,74	-0,04349	
35,16	0,4756	157,53	599,71	-0,04339	
35,18	0,4755	160,42	599,57	-0,04331	
35,20	0,4755	159,15	599,60	-0,04324	
35,22	0,4756	156,66	599,75	-0,04327	
35,24	0,4756	157,97	599,73	-0,04340	
35,26	0,4755	160,14	599,57	-0,04340	
35,28	0,4755	157,54	599,59	-0,04330	
35,30	0,4756	154,71	599,74	-0,04323	
35,32	0,4756	157,06	599,75	-0,04314	
35,34	0,4755	160,29	599,59	-0,04307	
35,36	0,4755	158,52	599,56	-0,04310	
35,38	0,4758	155,27	599,72	-0,04317	
35,40	0,4761	156,05	599,75	-0,04326	
35,42	0,4761	158,40	599,61	-0,04327	
35,44	0,4762	157,54	599,55	-0,04321	
35,46	0,4763	154,80	599,68	-0,04311	
35,48	0,4763	155,27	599,74	-0,04305	
35,50	0,4762	157,91	599,61	-0,04306	
35,52	0,4762	158,20	599,51	-0,04314	
35,54	0,4763	155,76	599,64	-0,04325	
35,56	0,4763	155,01	599,78	-0,04330	
35,58	0,4763	157,04	599,70	-0,04328	
35,60	0,4762	158,54	599,55	-0,04321	
35,62	0,4762	156,44	599,61	-0,04312	
35,64	0,4763	154,52	599,79	-0,04314	
35,66	0,4763	156,32	599,78	-0,04326	
35,68	0,4762	158,60	599,60	-0,04331	
35,70	0,4762	156,77	599,59	-0,04332	
35,72	0,4766	154,52	599,71	-0,04326	
35,74	0,4769	156,92	599,68	-0,04315	
35,76	0,4768	159,20	599,55	-0,04303	
35,78	0,4769	156,64	599,58	-0,04299	
35,80	0,4770	152,77	599,73	-0,04312	
35,82	0,4770	154,00	599,73	-0,04333	
35,84	0,4768	157,40	599,59	-0,04341	
35,86	0,4769	156,50	599,58	-0,04333	
35,88	0,4770	154,13	599,71	-0,04325	
35,90	0,4770	155,24	599,70	-0,04318	
35,92	0,4768	157,82	599,56	-0,04315	
35,94	0,4769	156,52	599,58	-0,04318	
35,96	0,4770	153,54	599,72	-0,04324	
35,98	0,4770	154,49	599,71	-0,04331	
36,00	0,4769	157,50	599,56	-0,04329	
36,02	0,4769	156,45	599,59	-0,04321	
36,04	0,4773	153,53	599,77	-0,04314	
36,06	0,4776	154,52	599,76	-0,04313	
36,08	0,4775	157,58	599,60	-0,04319	
36,10	0,4775	156,63	599,58	-0,04323	
36,12	0,4777	153,71	599,70	-0,04329	
36,14	0,4776	154,72	599,69	-0,04331	
36,16	0,4775	157,42	599,55	-0,04324	
36,18	0,4776	154,95	599,57	-0,04310	
36,20	0,4777	151,48	599,76	-0,04302	
36,22	0,4777	152,78	599,80	-0,04311	
36,24	0,4776	155,85	599,64	-0,04325	
36,26	0,4775	155,71	599,54	-0,04334	
36,28	0,4776	153,38	599,67	-0,04331	
36,30	0,4777	153,56	599,78	-0,04326	
36,32	0,4776	155,74	599,67	-0,04316	
36,34	0,4777	156,19	599,55	-0,04308	
36,36	0,4781	154,09	599,61	-0,04315	
36,38	0,4783	153,34	599,72	-0,04330	
36,40	0,4783	155,95	599,65	-0,04337	
36,42	0,4782	156,90	599,53	-0,04326	
36,44	0,4782	153,95	599,61	-0,04310	
36,46	0,4783	151,84	599,75	-0,04308	
36,48	0,4783	154,31	599,69	-0,04310	
36,50	0,4782	156,87	599,54	-0,04309	
36,52	0,4782	154,30	599,58	-0,04313	
36,54	0,4783	151,32	599,77	-0,04330	
36,56	0,4783	152,66	599,81	-0,04340	
36,58	0,4783	155,20	599,64	-0,04325	
36,60	0,4785	155,32	599,54	-0,04310	
36,62	0,4789	153,14	599,67	-0,04304	
36,64	0,4790	152,72	599,76	-0,04314	
36,66	0,4789	154,59	599,63	-0,04329	
36,68	0,4789	154,69	599,54	-0,04332	
36,70	0,4790	151,40	599,68	-0,04332	
36,72	0,4790	150,64	599,78	-0,04322	
36,74	0,4789	153,58	599,67	-0,04307	
36,76	0,4789	154,70	599,54	-0,04299	
36,78	0,4789	152,69	599,59	-0,04301	
36,80	0,4790	152,33	599,70	-0,04318	
36,82	0,4790	154,36	599,65	-0,04332	
36,84	0,4791	155,49	599,53	-0,04332	
36,86	0,4794	153,45	599,59	-0,04324	
36,88	0,4797	151,80	599,72	-0,04322	
36,90	0,4796	154,14	599,69	-0,04314	
36,92	0,4795	157,52	599,55	-0,04302	
36,94	0,4796	157,29	599,55	-0,04302	
36,96	0,4797	155,03	599,74	-0,04316	
36,98	0,4797	155,39	599,80	-0,04329	
37,00	0,4796	157,87	599,65	-0,04325	
37,02	0,4796	158,32	599,56	-0,04310	
37,04	0,4797	155,82	599,68	-0,04299	
37,06	0,4797	155,45	599,74	-0,04300	
37,08	0,4796	157,78	599,62	-0,04297	
37,10	0,4795	157,55	599,53	-0,04302	
37,12	0,4798	154,17	599,63	-0,04311	
37,14	0,4802	153,04	599,74	-0,04319	
37,16	0,4803	155,95	599,67	-0,04312	
37,18	0,4802	157,61	599,53	-0,04303	
37,20	0,4803	155,10	599,59	-0,04293	
37,22	0,4803	153,41	599,77	-0,04294	
37,24	0,4803	155,74	599,77	-0,04306	
37,26	0,4802	158,33	599,61	-0,04314	
37,28	0,4802	156,70	599,60	-0,04313	
37,30	0,4803	154,53	599,70	-0,04303	
37,32	0,4803	157,11	599,65	-0,04291	
37,34	0,4802	160,05	599,51	-0,04285	
37,36	0,4803	157,33	599,60	-0,04287	
37,38	0,4804	152,85	599,86	-0,04301	
37,40	0,4804	153,67	599,89	-0,04317	
37,42	0,4802	156,43	599,69	-0,04321	
37,44	0,4804	155,78	599,58	-0,04311	
37,46	0,4808	154,22	599,64	-0,04297	
37,48	0,4810	156,08	599,61	-0,04288	
37,50	0,4809	157,39	599,53	-0,04288	
37,52	0,4809	153,94	599,60	-0,04294	
37,54	0,4810	149,43	599,76	-0,04305	
37,56	0,4810	150,66	599,76	-0,04312	
37,58	0,4809	155,51	599,59	-0,04312	
37,60	0,4809	156,16	599,54	-0,04305	
37,62	0,4810	153,57	599,69	-0,04294	
37,64	0,4810	154,21	599,74	-0,04294	
37,66	0,4809	156,60	599,61	-0,04300	
37,68	0,4809	155,61	599,55	-0,04303	
37,70	0,4810	152,32	599,68	-0,04312	
37,72	0,4810	152,34	599,73	-0,04323	
37,74	0,4809	155,86	599,61	-0,04317	
37,76	0,4812	155,97	599,54	-0,04302	
37,78	0,4816	152,60	599,69	-0,04290	
37,80	0,4817	152,28	599,80	-0,04293	
37,82	0,4816	155,86	599,68	-0,04304	
37,84	0,4815	157,52	599,54	-0,04312	
37,86	0,4816	154,76	599,62	-0,04312	
37,88	0,4817	153,20	599,73	-0,04313	
37,90	0,4816	155,73	599,64	-0,04306	
37,92	0,4815	156,21	599,53	-0,04296	
37,94	0,4816	153,07	599,62	-0,04290	
37,96	0,4817	151,32	599,77	-0,04295	
37,98	0,4816	153,97	599,71	-0,04306	
38,00	0,4815	156,73	599,56	-0,04313	
38,02	0,4817	155,03	599,58	-0,04313	
38,04	0,4822	152,74	599,71	-0,04298	
38,06	0,4823	154,13	599,68	-0,04287	
38,08	0,4822	155,95	599,54	-0,04281	
38,10	0,4822	153,61	599,58	-0,04286	
38,12	0,4823	150,32	599,77	-0,04298	
38,14	0,4824	151,66	599,79	-0,04314	
38,16	0,4822	154,85	599,63	-0,04314	
38,18	0,4822	154,59	599,57	-0,04301	
38,20	0,4823	152,34	599,68	-0,04288	
38,22	0,4823	152,57	599,69	-0,04284	
38,24	0,4822	154,63	599,56	-0,04276	
38,26	0,4822	153,05	599,58	-0,04274	
38,28	0,4825	149,51	599,75	-0,04288	
38,30	0,4828	150,54	599,76	-0,04298	
38,32	0,4828	153,95	599,60	-0,04291	
38,34	0,4829	153,40	599,54	-0,04278	
38,36	0,4830	150,40	599,70	-0,04270	
38,38	0,4830	150,96	599,76	-0,04280	
38,40	0,4829	153,33	599,63	-0,04297	
38,42	0,4829	152,38	599,54	-0,04304	
38,44	0,4830	149,12	599,65	-0,04293	
38,46	0,4830	148,77	599,74	-0,04285	
38,48	0,4829	151,08	599,64	-0,04281	
38,50	0,4829	151,53	599,52	-0,04280	
38,52	0,4833	149,10	599,63	-0,04273	
38,54	0,4836	148,15	599,79	-0,04289	
38,56	0,4837	150,02	599,74	-0,04311	
38,58	0,4836	151,92	599,57	-0,04311	
38,60	0,4836	150,90	599,57	-0,04299	
38,62	0,4837	149,16	599,71	-0,04282	
38,64	0,4837	150,01	599,71	-0,04275	
38,66	0,4836	151,73	599,56	-0,04278	
38,68	0,4836	150,01	599,57	-0,04286	
38,70	0,4837	146,78	599,75	-0,04298	
38,72	0,4839	147,52	599,81	-0,04309	
38,74	0,4841	150,78	599,66	-0,04306	
38,76	0,4842	151,38	599,59	-0,04293	
38,78	0,4844	149,14	599,70	-0,04275	
38,80	0,4844	150,54	599,71	-0,04267	
38,82	0,4843	153,99	599,57	-0,04275	
38,84	0,4842	153,05	599,56	-0,04286	
38,86	0,4844	148,67	599,72	-0,04299	
38,88	0,4844	148,25	599,77	-0,04305	
38,90	0,4843	151,59	599,62	-0,04292	
38,92	0,4843	152,21	599,53	-0,04275	
38,94	0,4846	150,16	599,65	-0,04264	
38,96	0,4850	150,22	599,75	-0,04274	
38,98	0,4850	152,33	599,66	-0,04297	
39,00	0,4849	152,33	599,53	-0,04310	
39,02	0,4849	150,13	599,60	-0,04304	
39,04	0,4850	149,55	599,76	-0,04291	
39,06	0,4850	152,37	599,72	-0,04279	
39,08	0,4849	154,82	599,57	-0,04269	
39,10	0,4849	152,56	599,60	-0,04271	
39,12	0,4850	150,42	599,76	-0,04286	
39,14	0,4850	152,91	599,74	-0,04304	
39,16	0,4849	155,85	599,59	-0,04300	
39,18	0,4852	154,61	599,59	-0,04284	
39,20	0,4856	152,41	599,67	-0,04278	
39,22	0,4856	154,14	599,62	-0,04275	
39,24	0,4855	155,91	599,52	-0,04278	
39,26	0,4856	153,54	599,60	-0,04287	
39,28	0,4857	150,92	599,75	-0,04300	
39,30	0,4857	152,68	599,72	-0,04307	
39,32	0,4855	155,85	599,56	-0,04303	
39,34	0,4855	155,49	599,56	-0,04283	
39,36	0,4857	153,21	599,73	-0,04272	
39,38	0,4857	154,28	599,74	-0,04274	
39,40	0,4865	157,40	599,59	-0,04278	
39,42	0,4884	155,70	599,58	-0,04285	
39,44	0,4895	152,01	599,74	-0,04295	
39,46	0,4898	153,47	599,75	-0,04292	
39,48	0,4896	157,16	599,60	-0,04279	
39,50	0,4896	156,40	599,55	-0,04266	
39,52	0,4897	152,82	599,70	-0,04262	
39,54	0,4897	153,67	599,74	-0,04278	
39,56	0,4896	157,12	599,60	-0,04296	
39,58	0,4896	156,45	599,55	-0,04306	
39,60	0,4897	152,98	599,67	-0,04299	
39,62	0,4897	153,79	599,71	-0,04290	
39,64	0,4898	157,48	599,57	-0,04279	
39,66	0,4900	158,37	599,54	-0,04273	
39,68	0,4906	157,67	599,75	-0,04280	
39,70	0,4912	163,55	599,86	-0,04299	
39,72	0,4920	177,45	599,71	-0,04329	
39,74	0,4933	194,50	599,54	-0,04369	
39,76	0,4952	212,88	599,62	-0,04412	
39,78	0,4977	237,93	599,75	-0,04465	
39,80	0,5002	271,23	599,65	-0,04534	
39,82	0,5030	308,11	599,53	-0,04623	
39,84	0,5064	345,35	599,66	-0,04720	
39,86	0,5102	388,39	599,83	-0,04819	
39,88	0,5144	440,13	599,76	-0,04915	
39,90	0,5189	495,55	599,59	-0,05004	
39,92	0,5241	550,77	599,64	-0,05103	
39,94	0,5295	611,34	599,71	-0,05224	
39,96	0,5351	679,55	599,61	-0,05364	
39,98	0,5412	748,98	599,53	-0,05511	
40,00	0,5478	817,54	599,66	-0,05668	
40,02	0,5549	891,54	599,76	-0,05839	
40,04	0,5622	973,36	599,65	-0,06017	
40,06	0,5700	1055,3	599,53	-0,06205	
40,08	0,5782	1133,3	599,64	-0,06421	
40,10	0,5868	1212,2	599,79	-0,06679	
40,12	0,5959	1294,3	599,72	-0,06983	
40,14	0,6051	1373,6	599,54	-0,07335	
40,16	0,6148	1447,2	599,56	-0,07732	
40,18	0,6251	1516,5	599,83	-0,08183	
40,20	0,6357	1583,5	599,96	-0,08681	
40,22	0,6466	1646,1	599,81	-0,09232	
40,24	0,6578	1701,5	599,61	-0,09854	
40,26	0,6696	1749,2	599,63	-0,1055	
40,28	0,6819	1792,9	599,64	-0,1131	
40,30	0,6944	1832,6	599,53	-0,1210	
40,32	0,7073	1863,6	599,57	-0,1291	
40,34	0,7208	1888,1	599,79	-0,1377	
40,36	0,7347	1914,7	599,86	-0,1465	
40,38	0,7487	1944,0	599,69	-0,1558	
40,40	0,7631	1969,4	599,55	-0,1657	
40,42	0,7782	1989,6	599,64	-0,1760	
40,44	0,7938	2009,9	599,72	-0,1864	
40,46	0,8096	2031,4	599,62	-0,1969	
40,48	0,8256	2050,1	599,53	-0,2077	
40,50	0,8423	2064,8	599,64	-0,2189	
40,52	0,8592	2081,0	599,78	-0,2304	
40,54	0,8765	2100,8	599,69	-0,2424	
40,56	0,8942	2119,2	599,54	-0,2546	
40,58	0,9124	2132,6	599,59	-0,2670	
40,60	0,9311	2145,7	599,72	-0,2797	
40,62	0,9501	2162,2	599,68	-0,2924	
40,64	0,9694	2177,6	599,55	-0,3052	
40,66	0,9891	2187,9	599,60	-0,3182	
40,68	1,009	2197,8	599,74	-0,3313	
40,70	1,029	2211,5	599,69	-0,3444	
40,72	1,049	2224,3	599,55	-0,3568	
40,74	1,069	2231,7	599,62	-0,3690	
40,76	1,089	2238,4	599,78	-0,3817	
40,78	1,109	2249,2	599,73	-0,3947	
40,80	1,129	2260,4	599,57	-0,4080	
40,82	1,149	2267,2	599,60	-0,4214	
40,84	1,169	2273,2	599,73	-0,4347	
40,86	1,189	2282,5	599,67	-0,4480	
40,88	1,209	2291,7	599,54	-0,4614	
40,90	1,229	2296,7	599,60	-0,4749	
40,92	1,249	2300,5	599,77	-0,4884	
40,94	1,269	2308,6	599,74	-0,5024	
40,96	1,289	2317,5	599,58	-0,5171	
40,98	1,309	2321,4	599,59	-0,5316	
41,00	1,329	2325,0	599,70	-0,5456	
41,02	1,349	2333,2	599,64	-0,5592	
41,04	1,369	2341,2	599,53	-0,5729	
41,06	1,389	2343,3	599,64	-0,5868	
41,08	1,409	2345,5	599,81	-0,6008	
41,10	1,429	2352,9	599,76	-0,6147	
41,12	1,449	2360,4	599,57	-0,6287	
41,14	1,469	2363,0	599,58	-0,6429	
41,16	1,489	2364,4	599,80	-0,6569	
41,18	1,509	2369,1	599,86	-0,6708	
41,20	1,529	2375,3	599,70	-0,6849	
41,22	1,549	2380,0	599,57	-0,6992	
41,24	1,569	2382,6	599,61	-0,7136	
41,26	1,589	2386,3	599,66	-0,7280	
41,28	1,609	2391,1	599,57	-0,7423	
41,30	1,629	2393,7	599,54	-0,7566	
41,32	1,649	2393,3	599,68	-0,7709	
41,34	1,669	2395,9	599,77	-0,7854	
41,36	1,689	2402,4	599,66	-0,7999	
41,38	1,709	2407,5	599,55	-0,8145	
41,40	1,729	2409,0	599,63	-0,8290	
41,42	1,749	2411,0	599,73	-0,8436	
41,44	1,769	2415,5	599,64	-0,8582	
41,46	1,789	2418,4	599,55	-0,8727	
41,48	1,809	2417,7	599,64	-0,8874	
41,50	1,829	2419,1	599,74	-0,9021	
41,52	1,849	2424,7	599,65	-0,9169	
41,54	1,869	2427,8	599,55	-0,9317	
41,56	1,889	2426,9	599,64	-0,9466	
41,58	1,909	2427,9	599,72	-0,9614	
41,60	1,929	2432,3	599,61	-0,9761	
41,62	1,949	2435,1	599,53	-0,9911	
41,64	1,969	2434,2	599,67	-1,006	
41,66	1,989	2434,9	599,79	-1,021	
41,68	2,009	2439,2	599,69	-1,036	
41,70	2,029	2443,3	599,58	-1,051	
41,72	2,049	2442,9	599,66	-1,066	
41,74	2,069	2443,8	599,69	-1,081	
41,76	2,089	2448,4	599,59	-1,096	
41,78	2,109	2449,2	599,59	-1,111	
41,80	2,129	2445,9	599,71	-1,126	
41,82	2,149	2446,9	599,69	-1,142	
41,84	2,169	2451,9	599,56	-1,157	
41,86	2,189	2452,8	599,61	-1,172	
41,88	2,209	2451,2	599,77	-1,187	
41,90	2,229	2453,6	599,75	-1,203	
41,92	2,249	2457,4	599,62	-1,218	
41,94	2,269	2457,0	599,61	-1,233	
41,96	2,289	2456,4	599,63	-1,249	
41,98	2,309	2459,2	599,56	-1,264	
42,00	2,329	2460,2	599,57	-1,280	
42,02	2,349	2457,3	599,73	-1,295	
42,04	2,369	2456,7	599,79	-1,310	
42,06	2,389	2461,0	599,65	-1,326	
42,08	2,409	2464,1	599,57	-1,342	
42,10	2,429	2463,7	599,66	-1,357	
42,12	2,449	2464,9	599,66	-1,373	
42,14	2,469	2467,7	599,56	-1,389	
42,16	2,489	2466,0	599,63	-1,404	
42,18	2,509	2462,7	599,77	-1,420	
42,20	2,529	2464,3	599,71	-1,436	
42,22	2,549	2468,5	599,59	-1,451	
42,24	2,569	2467,7	599,68	-1,467	
42,26	2,589	2466,6	599,76	-1,483	
42,28	2,609	2469,6	599,64	-1,499	
42,30	2,629	2470,6	599,57	-1,515	
42,32	2,649	2466,6	599,68	-1,531	
42,34	2,669	2465,6	599,72	-1,547	
42,36	2,689	2469,2	599,60	-1,563	
42,38	2,709	2469,7	599,59	-1,579	
42,40	2,729	2466,7	599,73	-1,595	
42,42	2,749	2467,7	599,73	-1,611	
42,44	2,769	2471,0	599,59	-1,627	
42,46	2,789	2470,1	599,60	-1,644	
42,48	2,809	2466,7	599,71	-1,660	
42,50	2,829	2467,8	599,67	-1,676	
42,52	2,849	2470,4	599,56	-1,692	
42,54	2,869	2468,2	599,65	-1,708	
42,56	2,889	2465,9	599,76	-1,725	
42,58	2,909	2468,0	599,68	-1,741	
42,60	2,929	2470,3	599,59	-1,758	
42,62	2,949	2467,3	599,68	-1,774	
42,64	2,969	2466,0	599,72	-1,790	
42,66	2,989	2468,8	599,61	-1,807	
42,68	3,009	2469,1	599,57	-1,823	
42,70	3,029	2465,8	599,70	-1,840	
42,72	3,049	2465,2	599,72	-1,856	
42,74	3,069	2467,8	599,60	-1,873	
42,76	3,089	2467,0	599,57	-1,890	
42,78	3,109	2463,2	599,73	-1,906	
42,80	3,129	2462,5	599,77	-1,923	
42,82	3,149	2464,8	599,63	-1,939	
42,84	3,169	2464,4	599,61	-1,956	
42,86	3,189	2461,2	599,71	-1,973	
42,88	3,209	2461,7	599,67	-1,990	
42,90	3,229	2463,7	599,58	-2,006	
42,92	3,249	2461,1	599,65	-2,023	
42,94	3,269	2457,6	599,75	-2,040	
42,96	3,289	2459,4	599,67	-2,057	
42,98	3,309	2460,6	599,58	-2,074	
43,00	3,329	2457,5	599,64	-2,091	
43,02	3,349	2456,0	599,68	-2,108	
43,04	3,369	2457,7	599,59	-2,125	
43,06	3,389	2456,8	599,57	-2,142	
43,08	3,409	2453,1	599,68	-2,159	
43,10	3,429	2452,6	599,68	-2,176	
43,12	3,449	2454,7	599,55	-2,193	
43,14	3,469	2453,5	599,60	-2,211	
43,16	3,489	2449,2	599,86	-2,228	
43,18	3,509	2448,4	599,95	-2,245	
43,20	3,529	2450,1	599,77	-2,262	
43,22	3,549	2449,6	599,62	-2,280	
43,24	3,569	2446,3	599,71	-2,297	
43,26	3,589	2445,6	599,76	-2,314	
43,28	3,609	2446,6	599,64	-2,332	
43,30	3,629	2444,8	599,58	-2,349	
43,32	3,649	2439,3	599,69	-2,367	
43,34	3,669	2437,8	599,71	-2,384	
43,36	3,689	2440,4	599,60	-2,402	
43,38	3,709	2439,2	599,62	-2,419	
43,40	3,729	2435,5	599,72	-2,437	
43,42	3,749	2435,7	599,66	-2,454	
43,44	3,769	2436,9	599,59	-2,472	
43,46	3,789	2432,7	599,70	-2,490	
43,48	3,809	2428,7	599,74	-2,507	
43,50	3,829	2429,7	599,62	-2,525	
43,52	3,849	2428,6	599,61	-2,543	
43,54	3,869	2424,2	599,70	-2,561	
43,56	3,889	2423,7	599,64	-2,578	
43,58	3,909	2424,3	599,57	-2,596	
43,60	3,929	2420,3	599,69	-2,614	
43,62	3,949	2416,3	599,78	-2,632	
43,64	3,969	2417,2	599,66	-2,650	
43,66	3,989	2417,2	599,61	-2,668	
43,68	4,009	2413,0	599,73	-2,686	
43,70	4,029	2411,0	599,74	-2,704	
43,72	4,049	2411,8	599,61	-2,722	
43,74	4,069	2409,1	599,64	-2,740	
43,76	4,089	2404,0	599,77	-2,759	
43,78	4,109	2403,4	599,70	-2,777	
43,80	4,129	2404,0	599,60	-2,795	
43,82	4,149	2399,4	599,68	-2,813	
43,84	4,169	2395,0	599,74	-2,831	
43,86	4,189	2396,1	599,63	-2,849	
43,88	4,209	2395,1	599,63	-2,868	
43,90	4,229	2389,3	599,79	-2,886	
43,92	4,249	2386,7	599,78	-2,904	
43,94	4,269	2387,2	599,63	-2,922	
43,96	4,289	2383,3	599,66	-2,941	
43,98	4,309	2378,0	599,77	-2,959	
44,00	4,329	2377,4	599,69	-2,978	
44,02	4,349	2377,4	599,60	-2,996	
44,04	4,369	2372,5	599,68	-3,015	
44,06	4,389	2368,9	599,68	-3,033	
44,08	4,409	2369,3	599,58	-3,051	
44,10	4,429	2366,6	599,63	-3,070	
44,12	4,449	2360,5	599,77	-3,089	
44,14	4,469	2358,2	599,72	-3,107	
44,16	4,489	2358,7	599,62	-3,126	
44,18	4,509	2355,0	599,77	-3,144	
44,20	4,529	2351,1	599,89	-3,163	
44,22	4,549	2350,7	599,75	-3,182	
44,24	4,569	2349,3	599,66	-3,201	
44,26	4,589	2343,1	599,87	-3,219	
44,28	4,609	2338,6	599,96	-3,238	
44,30	4,629	2337,5	599,77	-3,257	
44,32	4,649	2335,1	599,67	-3,276	
44,34	4,669	2328,1	599,84	-3,294	
44,36	4,689	2323,9	599,88	-3,313	
44,38	4,709	2323,6	599,70	-3,332	
44,40	4,729	2320,5	599,66	-3,351	
44,42	4,749	2313,9	599,81	-3,370	
44,44	4,769	2310,8	599,80	-3,389	
44,46	4,789	2310,5	599,65	-3,408	
44,48	4,809	2306,3	599,70	-3,427	
44,50	4,829	2299,6	599,84	-3,446	
44,52	4,849	2297,0	599,76	-3,465	
44,54	4,869	2296,3	599,64	-3,484	
44,56	4,889	2291,0	599,77	-3,503	
44,58	4,909	2285,3	599,88	-3,522	
44,60	4,929	2283,4	599,75	-3,541	
44,62	4,949	2281,7	599,64	-3,560	
44,64	4,969	2275,7	599,80	-3,579	
44,66	4,989	2270,7	599,88	-3,598	
44,68	5,009	2268,4	599,72	-3,618	
44,70	5,029	2265,1	599,65	-3,637	
44,72	5,049	2257,6	599,82	-3,656	
44,74	5,069	2253,2	599,85	-3,675	
44,76	5,089	2251,7	599,67	-3,694	
44,78	5,109	2246,5	599,68	-3,714	
44,80	5,129	2238,6	599,90	-3,733	
44,82	5,149	2234,7	599,92	-3,752	
44,84	5,169	2233,0	599,72	-3,772	
44,86	5,189	2228,6	599,68	-3,791	
44,88	5,209	2221,3	599,80	-3,810	
44,90	5,229	2217,5	599,75	-3,829	
44,92	5,249	2215,1	599,65	-3,849	
44,94	5,269	2208,0	599,77	-3,868	
44,96	5,289	2200,8	599,85	-3,888	
44,98	5,309	2197,9	599,70	-3,907	
45,00	5,329	2194,4	599,65	-3,926	
45,02	5,349	2186,5	599,82	-3,946	
45,04	5,369	2180,9	599,84	-3,965	
45,06	5,389	2178,2	599,67	-3,985	
45,08	5,409	2171,8	599,76	-4,004	
45,10	5,429	2163,0	599,99	-4,024	
45,12	5,449	2158,5	599,95	-4,043	
45,14	5,469	2155,6	599,72	-4,063	
45,16	5,489	2149,2	599,68	-4,082	
45,18	5,509	2140,8	599,82	-4,102	
45,20	5,529	2136,1	599,79	-4,121	
45,22	5,549	2132,5	599,64	-4,141	
45,24	5,569	2124,3	599,85	-4,160	
45,26	5,589	2114,3	600,15	-4,180	
45,28	5,609	2109,1	600,13	-4,200	
45,30	5,629	2105,3	599,85	-4,219	
45,32	5,649	2099,7	599,67	-4,239	
45,34	5,669	2091,2	599,85	-4,259	
45,36	5,689	2084,5	599,96	-4,278	
45,38	5,709	2079,0	599,79	-4,298	
45,40	5,729	2072,8	599,65	-4,318	
45,42	5,749	2062,6	599,84	-4,338	
45,44	5,769	2054,7	599,96	-4,358	
45,46	5,789	2049,8	599,80	-4,377	
45,48	5,809	2043,3	599,68	-4,397	
45,50	5,829	2032,6	599,86	-4,417	
45,52	5,849	2023,8	599,94	-4,436	
45,54	5,869	2018,1	599,75	-4,456	
45,56	5,889	2011,4	599,67	-4,476	
45,58	5,909	1999,9	599,88	-4,496	
45,60	5,929	1990,4	599,93	-4,516	
45,62	5,949	1984,5	599,74	-4,536	
45,64	5,969	1976,9	599,67	-4,556	
45,66	5,989	1964,9	599,86	-4,576	
45,68	6,009	1955,8	599,89	-4,595	
45,70	6,029	1949,3	599,69	-4,615	
45,72	6,049	1939,3	599,72	-4,635	
45,74	6,069	1925,7	599,96	-4,655	
45,76	6,089	1916,0	599,97	-4,675	
45,78	6,109	1908,6	599,74	-4,695	
45,80	6,129	1899,0	599,70	-4,715	
45,82	6,149	1885,6	600,03	-4,735	
45,84	6,169	1874,0	600,18	-4,755	
45,86	6,189	1863,6	599,98	-4,775	
45,88	6,209	1853,2	599,72	-4,795	
45,90	6,229	1839,6	599,72	-4,815	
45,92	6,249	1826,9	599,75	-4,835	
45,94	6,269	1817,4	599,65	-4,856	
45,96	6,289	1805,6	599,66	-4,876	
45,98	6,309	1791,2	599,75	-4,896	
46,00	6,329	1779,2	599,67	-4,916	
46,02	6,349	1768,2	599,62	-4,937	
46,04	6,369	1752,6	599,79	-4,957	
46,06	6,389	1737,0	599,82	-4,977	
46,08	6,409	1724,9	599,66	-4,998	
46,10	6,429	1709,7	599,70	-5,018	
46,12	6,449	1690,7	599,86	-5,039	
46,14	6,469	1674,7	599,82	-5,059	
46,16	6,489	1660,0	599,66	-5,080	
46,18	6,509	1641,0	599,80	-5,100	
46,20	6,529	1620,7	599,97	-5,121	
46,22	6,549	1602,8	599,88	-5,142	
46,24	6,569	1584,7	599,68	-5,163	
46,26	6,589	1562,0	599,73	-5,184	
46,28	6,609	1537,6	599,84	-5,205	
46,30	6,629	1515,4	599,72	-5,226	
46,32	6,649	1492,4	599,67	-5,247	
46,34	6,669	1463,3	600,01	-5,269	
46,36	6,689	1432,7	600,24	-5,291	
46,38	6,709	1403,8	600,11	-5,313	
46,40	6,729	1373,0	599,83	-5,334	
46,42	6,749	1339,9	599,65	-5,356	
46,44	6,769	1303,9	599,81	-5,379	
46,46	6,789	1264,8	599,93	-5,402	
46,48	6,809	1223,1	599,81	-5,425	
46,50	6,829	1178,6	599,67	-5,449	
46,52	6,849	1126,0	599,83	-5,474	
46,54	6,869	1067,0	599,97	-5,499	
46,56	6,889	1003,5	599,86	-5,523	
46,58	6,909	936,43	599,68	-5,547	
46,60	6,929	864,51	599,80	-5,571	
46,62	6,949	792,80	599,93	-5,594	
46,64	6,969	728,40	599,80	-5,616	
46,66	6,989	672,82	599,66	-5,638	
46,68	7,009	619,80	599,77	-5,661	
46,70	7,029	569,71	599,85	-5,683	
46,72	7,049	526,92	599,72	-5,705	
46,74	7,069	488,06	599,66	-5,727	
46,76	7,089	446,68	599,83	-5,749	
46,78	7,109	406,40	599,87	-5,771	
46,80	7,129	371,77	599,70	-5,792	
46,82	7,149	338,90	599,67	-5,812	
46,84	7,169	301,88	599,86	-5,829	
46,86	7,189	265,78	599,87	-5,841	
46,88	7,207	235,66	599,69	-5,847	
46,90	7,223	207,88	599,72	-5,852	
46,92	7,234	178,21	599,95	-5,855	
46,94	7,241	153,97	599,94	-5,856	
46,96	7,244	136,65	599,73	-5,856	
46,98	7,245	121,07	599,67	-5,857	
47,00	7,246	104,94	599,82	-5,858	
47,02	7,246	93,86	599,80	-5,858	
47,04	7,247	88,24	599,65	-5,858	
47,06	7,247	81,84	599,84	-5,859	
47,08	7,247	71,83	600,16	-5,859	
47,10	7,247	65,21	600,16	-5,859	
47,12	7,247	61,82	599,91	-5,859	
47,14	7,247	58,28	599,70	-5,860	
47,16	7,247	53,19	599,84	-5,860	
47,18	7,247	48,97	600,01	-5,860	
47,20	7,247	46,37	599,90	-5,860	
47,22	7,247	45,23	599,69	-5,860	
47,24	7,247	41,68	599,82	-5,861	
47,26	7,247	36,85	600,06	-5,861	
47,28	7,247	36,15	600,03	-5,861	
47,30	7,247	37,27	599,80	-5,861	
47,32	7,247	38,10	599,68	-5,861	
47,34	7,247	37,66	599,91	-5,862	
47,36	7,247	37,44	600,06	-5,862	
47,38	7,247	37,57	599,94	-5,862	
47,40	7,247	38,08	599,72	-5,861	
47,42	7,247	38,09	599,71	-5,862	
47,44	7,247	37,56	599,88	-5,862	
47,46	7,247	37,50	599,88	-5,862	
47,48	7,247	37,97	599,70	-5,862	
47,50	7,247	38,20	599,79	-5,862	
47,52	7,247	37,58	600,25	-5,863	
47,54	7,247	37,42	600,45	-5,863	
47,56	7,247	37,58	600,30	-5,863	
47,58	7,247	37,73	600,03	-5,862	
47,60	7,247	37,97	599,78	-5,862	
47,62	7,247	38,12	599,67	-5,863	
47,64	7,247	37,63	599,78	-5,863	
47,66	7,247	37,48	599,80	-5,863	
47,68	7,247	38,00	599,66	-5,863	
47,70	7,247	37,98	599,71	-5,864	
47,72	7,247	37,57	599,88	-5,864	
47,74	7,247	37,54	599,87	-5,864	
47,76	7,247	37,82	599,71	-5,863	
47,78	7,247	37,99	599,66	-5,864	
47,80	7,247	34,41	599,82	-5,864	
47,82	7,247	27,91	599,88	-5,864	
47,84	7,247	24,64	599,74	-5,864	
47,86	7,247	24,34	599,70	-5,864	
47,88	7,247	22,28	600,02	-5,865	
47,90	7,247	20,55	600,22	-5,865	
47,92	7,247	20,52	600,09	-5,865	
47,94	7,247	20,89	599,82	-5,865	
47,96	7,247	21,44	599,67	-5,865	
47,98	7,247	20,89	599,90	-5,865	
48,00	7,247	19,94	600,12	-5,866	
48,02	7,247	18,52	600,05	-5,865	
48,04	7,247	17,70	599,83	-5,865	
48,06	7,247	17,84	599,69	-5,865	
48,08	7,247	18,11	599,83	-5,866	
48,10	7,247	19,47	599,95	-5,866	
48,12	7,247	20,55	599,86	-5,866	
48,14	7,247	21,29	599,67	-5,865	
48,16	7,247	20,50	599,74	-5,866	
48,18	7,247	19,07	600,03	-5,866	
48,20	7,247	19,64	600,09	-5,866	
48,22	7,247	20,39	599,94	-5,866	
48,24	7,247	19,71	599,72	-5,866	
48,26	7,247	19,55	599,70	-5,866	
48,28	7,247	20,25	599,92	-5,867	
48,30	7,247	20,69	599,97	-5,867	
48,32	7,247	20,84	599,81	-5,867	
48,34	7,247	21,31	599,64	-5,867	
48,36	7,247	19,82	599,85	-5,868	
48,38	7,247	17,67	600,12	-5,868	
48,40	7,247	17,21	600,10	-5,867	
48,42	7,247	17,46	599,90	-5,867	
48,44	7,247	17,89	599,70	-5,867	
48,46	7,247	18,14	599,76	-5,868	
48,48	7,247	18,56	599,99	-5,868	
48,50	7,247	19,67	600,02	-5,868	
48,52	7,247	20,46	599,85	-5,868	
48,54	7,247	21,09	599,67	-5,868	
48,56	7,247	20,39	599,77	-5,868	
48,58	7,247	19,82	599,93	-5,869	
48,60	7,247	20,33	599,90	-5,868	
48,62	7,247	20,99	599,72	-5,868	
48,64	7,247	21,15	599,71	-5,869	
48,66	7,247	18,72	600,06	-5,869	
48,68	7,247	17,20	600,25	-5,869	
48,70	7,247	16,99	600,14	-5,869	
48,72	7,247	16,07	599,94	-5,869	
48,74	7,247	15,30	599,72	-5,869	
48,76	7,247	17,60	599,71	-5,869	
48,78	7,247	18,81	599,98	-5,870	
48,80	7,247	18,11	600,07	-5,870	
48,82	7,247	17,43	599,95	-5,870	
48,84	7,247	17,04	599,74	-5,869	
48,86	7,247	16,52	599,71	-5,870	
48,88	7,247	16,22	599,89	-5,870	
48,90	7,247	16,82	599,92	-5,870	
48,92	7,247	17,49	599,75	-5,870	
48,94	7,247	18,34	599,69	-5,870	
48,96	7,247	15,81	600,07	-5,871	
48,98	7,247	13,09	600,33	-5,871	
49,00	7,247	13,09	600,24	-5,871	
49,02	7,247	13,18	599,97	-5,871	
49,04	7,247	12,73	599,74	-5,871	
49,06	7,247	13,31	599,83	-5,871	
49,08	7,247	13,83	600,04	-5,871	
49,10	7,247	14,08	600,00	-5,871	
49,12	7,247	14,21	599,78	-5,871	
49,14	7,247	14,17	599,72	-5,872	
49,16	7,247	11,74	600,04	-5,872	
49,18	7,247	10,47	600,23	-5,872	
49,20	7,247	10,58	600,13	-5,872	
49,22	7,247	10,05	599,86	-5,872	
49,24	7,247	9,036	599,71	-5,872	
49,26	7,247	8,741	599,94	-5,873	
49,28	7,247	8,568	600,15	-5,873	
49,30	7,247	8,016	600,06	-5,872	
49,32	7,247	7,647	599,86	-5,872	
49,34	7,247	7,996	599,67	-5,872	
49,36	7,247	8,835	599,78	-5,873	
49,38	7,247	9,846	600,01	-5,873	
49,40	7,247	10,61	600,00	-5,873	
49,42	7,247	10,79	599,79	-5,873	
49,44	7,247	10,92	599,71	-5,873	
49,46	7,247	8,809	600,02	-5,873	
49,48	7,247	7,497	600,26	-5,873	
49,50	7,247	7,475	600,18	-5,873	
49,52	7,247	7,627	599,99	-5,873	
49,54	7,247	7,802	599,76	-5,873	
49,56	7,247	10,16	599,69	-5,873	
49,58	7,247	11,65	599,95	-5,874	
49,60	7,247	11,13	600,14	-5,874	
49,62	7,247	10,63	600,06	-5,873	
49,64	7,247	10,74	599,84	-5,873	
49,66	7,247	10,95	599,60	-5,873	
49,68	7,247	13,40	599,40	-5,873	
49,70	7,247	18,43	599,20	-5,873	
49,72	7,247	22,67	598,97	-5,873	
49,74	7,247	25,51	598,72	-5,873	
49,76	7,247	27,68	598,46	-5,874	
49,78	7,247	29,63	598,23	-5,874	
49,80	7,247	31,33	598,03	-5,874	
49,82	7,247	33,08	597,82	-5,874	
49,84	7,247	34,00	597,62	-5,875	
49,86	7,247	34,25	597,41	-5,875	
49,88	7,247	34,28	597,18	-5,875	
49,90	7,247	34,30	596,96	-5,876	
49,92	7,247	34,31	596,73	-5,876	
49,94	7,247	34,35	596,50	-5,876	
49,96	7,247	34,39	596,25	-5,876	
49,98	7,247	34,39	596,01	-5,877	
50,00	7,247	34,38	595,76	-5,877	
50,02	7,247	34,37	595,50	-5,877	
50,04	7,247	34,56	595,24	-5,877	
50,06	7,247	35,84	595,00	-5,877	
50,08	7,247	37,18	594,76	-5,877	
50,10	7,247	38,30	594,51	-5,877	
50,12	7,247	39,86	594,25	-5,877	
50,14	7,247	41,45	593,99	-5,877	
50,16	7,247	43,21	593,72	-5,878	
50,18	7,247	44,87	593,43	-5,878	
50,20	7,247	46,63	593,15	-5,878	
50,22	7,247	48,21	592,86	-5,878	
50,24	7,247	49,95	592,56	-5,878	
50,26	7,247	51,53	592,26	-5,878	
50,28	7,247	53,48	591,95	-5,878	
50,30	7,247	55,77	591,64	-5,878	
50,32	7,247	57,56	591,32	-5,878	
50,34	7,247	59,33	591,00	-5,879	
50,36	7,247	61,31	590,64	-5,879	
50,38	7,247	63,36	590,27	-5,879	
50,40	7,247	65,00	589,90	-5,879	
50,42	7,247	66,84	589,55	-5,879	
50,44	7,247	68,99	589,21	-5,879	
50,46	7,247	70,78	588,87	-5,879	
50,48	7,247	72,62	588,52	-5,879	
50,50	7,247	74,24	588,19	-5,879	
50,52	7,247	75,96	587,87	-5,879	
50,54	7,247	77,52	587,53	-5,879	
50,56	7,247	79,29	587,18	-5,880	
50,58	7,247	80,92	586,83	-5,880	
50,60	7,247	82,73	586,46	-5,880	
50,62	7,247	84,28	586,08	-5,880	
50,64	7,247	85,99	585,71	-5,880	
50,66	7,247	87,43	585,34	-5,880	
50,68	7,247	88,61	584,97	-5,880	
50,70	7,247	90,24	584,60	-5,881	
50,72	7,247	91,32	584,22	-5,881	
50,74	7,247	92,71	583,82	-5,881	
50,76	7,247	94,08	583,42	-5,881	
50,78	7,247	94,82	583,04	-5,881	
50,80	7,247	96,14	582,65	-5,881	
50,82	7,247	97,52	582,25	-5,881	
50,84	7,247	98,72	581,83	-5,881	
50,86	7,247	100,32	581,41	-5,882	
50,88	7,247	101,36	580,99	-5,882	
50,90	7,247	101,85	580,59	-5,882	
50,92	7,247	103,16	580,18	-5,882	
50,94	7,247	104,51	579,75	-5,882	
50,96	7,247	105,02	579,31	-5,882	
50,98	7,247	105,64	578,88	-5,882	
51,00	7,247	107,13	578,48	-5,883	
51,02	7,247	108,14	578,08	-5,883	
51,04	7,247	108,34	577,68	-5,883	
51,06	7,247	108,89	577,27	-5,883	
51,08	7,247	110,40	576,87	-5,883	
51,10	7,247	111,39	576,46	-5,883	
51,12	7,247	111,66	576,04	-5,883	
51,14	7,247	112,25	575,63	-5,884	
51,16	7,247	113,75	575,22	-5,884	
51,18	7,247	114,79	574,80	-5,884	
51,20	7,247	115,17	574,40	-5,884	
51,22	7,247	116,35	574,01	-5,884	
51,24	7,247	117,71	573,61	-5,885	
51,26	7,247	118,32	573,19	-5,885	
51,28	7,247	118,50	572,76	-5,885	
51,30	7,247	119,65	572,32	-5,885	
51,32	7,247	121,10	571,90	-5,885	
51,34	7,247	121,67	571,48	-5,885	
51,36	7,247	121,75	571,06	-5,885	
51,38	7,247	122,33	570,64	-5,886	
51,40	7,247	123,81	570,21	-5,886	
51,42	7,247	124,89	569,78	-5,886	
51,44	7,247	125,20	569,36	-5,886	
51,46	7,247	125,34	568,93	-5,886	
51,48	7,247	126,52	568,51	-5,886	
51,50	7,247	127,88	568,08	-5,886	
51,52	7,247	128,47	567,66	-5,886	
51,54	7,247	128,55	567,23	-5,887	
51,56	7,247	129,12	566,80	-5,887	
51,58	7,247	130,59	566,37	-5,887	
51,60	7,247	131,57	565,94	-5,887	
51,62	7,247	131,83	565,52	-5,887	
51,64	7,247	131,88	565,12	-5,887	
51,66	7,247	131,90	564,71	-5,888	
51,68	7,247	131,99	564,28	-5,888	
51,70	7,247	133,19	563,83	-5,888	
51,72	7,247	134,62	563,40	-5,888	
51,74	7,247	135,20	562,97	-5,888	
51,76	7,247	135,28	562,55	-5,888	
51,78	7,247	135,35	562,12	-5,888	
51,80	7,247	135,97	561,72	-5,888	
51,82	7,247	137,44	561,31	-5,888	
51,84	7,247	138,38	560,89	-5,889	
51,86	7,247	138,60	560,48	-5,889	
51,88	7,247	138,59	560,06	-5,889	
51,90	7,247	138,70	559,64	-5,889	
51,92	7,247	139,89	559,22	-5,889	
51,94	7,247	141,29	558,80	-5,890	
51,96	7,247	141,94	558,39	-5,890	
51,98	7,247	142,02	557,96	-5,890	
52,00	7,247	142,11	557,54	-5,890	
52,02	7,247	143,30	557,12	-5,890	
52,04	7,247	144,73	556,71	-5,890	
52,06	7,247	145,37	556,27	-5,890	
52,08	7,247	145,42	555,85	-5,891	
52,10	7,247	145,33	555,43	-5,891	
52,12	7,247	145,92	555,01	-5,891	
52,14	7,247	147,46	554,58	-5,891	
52,16	7,247	148,46	554,15	-5,891	
52,18	7,247	148,66	553,73	-5,891	
52,20	7,247	148,57	553,29	-5,892	
52,22	7,247	148,51	552,85	-5,892	
52,24	7,247	148,69	552,41	-5,892	
52,26	7,247	149,96	551,99	-5,892	
52,28	7,247	151,41	551,56	-5,892	
52,30	7,247	151,97	551,11	-5,892	
52,32	7,247	151,97	550,65	-5,893	
52,34	7,247	151,93	550,21	-5,893	
52,36	7,247	151,95	549,78	-5,893	
52,38	7,247	151,98	549,34	-5,893	
52,40	7,247	151,97	548,90	-5,893	
52,42	7,247	152,00	548,46	-5,893	
52,44	7,247	152,02	548,04	-5,894	
52,46	7,247	152,56	547,62	-5,894	
52,48	7,247	154,08	547,19	-5,894	
52,50	7,247	155,16	546,76	-5,894	
52,52	7,247	155,48	546,33	-5,894	
52,54	7,247	155,55	545,88	-5,894	
52,56	7,247	155,51	545,44	-5,895	
52,58	7,247	155,50	545,03	-5,895	
52,60	7,247	155,49	544,62	-5,895	
52,62	7,247	155,47	544,19	-5,895	
52,64	7,247	156,01	543,76	-5,895	
52,66	7,247	157,54	543,33	-5,895	
52,68	7,247	158,62	542,90	-5,895	
52,70	7,247	158,93	542,48	-5,896	
52,72	7,247	158,93	542,08	-5,896	
52,74	7,247	158,92	541,68	-5,896	
52,76	7,247	158,85	541,28	-5,896	
52,78	7,247	158,80	540,86	-5,896	
52,80	7,247	158,86	540,42	-5,896	
52,82	7,247	158,90	539,99	-5,896	
52,84	7,247	159,49	539,58	-5,897	
52,86	7,247	161,08	539,18	-5,897	
52,88	7,247	162,11	538,77	-5,897	
52,90	7,247	162,30	538,35	-5,897	
52,92	7,247	162,23	537,94	-5,897	
52,94	7,247	162,17	537,53	-5,898	
52,96	7,247	162,18	537,13	-5,898	
52,98	7,247	162,28	536,73	-5,898	
53,00	7,247	163,45	536,33	-5,898	
53,02	7,247	164,86	535,93	-5,898	
53,04	7,247	165,43	535,51	-5,898	
53,06	7,247	165,50	535,08	-5,898	
53,08	7,247	165,49	534,66	-5,899	
53,10	7,247	165,50	534,26	-5,899	
53,12	7,247	165,49	533,87	-5,899	
53,14	7,247	165,48	533,48	-5,899	
53,16	7,247	165,52	533,10	-5,899	
53,18	7,247	165,54	532,71	-5,900	
53,20	7,247	165,55	532,33	-5,900	
53,22	7,247	165,56	531,94	-5,900	
53,24	7,247	165,68	531,56	-5,900	
53,26	7,247	166,83	531,18	-5,900	
53,28	7,247	168,15	530,80	-5,900	
53,30	7,247	168,69	530,40	-5,900	
53,32	7,247	168,80	530,00	-5,901	
53,34	7,247	168,79	529,59	-5,901	
53,36	7,247	168,78	529,20	-5,901	
53,38	7,247	168,76	528,82	-5,901	
53,40	7,247	168,81	528,45	-5,901	
53,42	7,247	168,85	528,06	-5,901	
53,44	7,247	168,84	527,68	-5,901	
53,46	7,247	168,87	527,30	-5,902	
53,48	7,247	169,01	526,91	-5,902	
53,50	7,247	170,18	526,54	-5,902	
53,52	7,247	171,54	526,16	-5,902	
53,54	7,247	172,13	525,76	-5,902	
53,56	7,247	172,24	525,36	-5,902	
53,58	7,247	172,24	524,97	-5,903	
53,60	7,247	172,22	524,57	-5,903	
53,62	7,247	172,19	524,17	-5,903	
53,64	7,247	172,23	523,79	-5,903	
53,66	7,247	172,25	523,41	-5,903	
53,68	7,247	172,24	523,04	-5,903	
53,70	7,247	172,21	522,65	-5,904	
53,72	7,247	172,70	522,27	-5,904	
53,74	7,247	174,14	521,88	-5,904	
53,76	7,247	175,20	521,50	-5,904	
53,78	7,247	175,59	521,13	-5,904	
53,80	7,247	175,68	520,76	-5,904	
53,82	7,247	175,65	520,40	-5,904	
53,84	7,247	175,58	520,04	-5,905	
53,86	7,247	175,56	519,65	-5,905	
53,88	7,247	175,57	519,27	-5,905	
53,90	7,247	175,61	518,91	-5,905	
53,92	7,247	175,61	518,55	-5,905	
53,94	7,247	175,55	518,18	-5,905	
53,96	7,247	175,51	517,80	-5,906	
53,98	7,247	175,56	517,42	-5,906	
54,00	7,247	176,14	517,03	-5,906	
54,02	7,247	177,67	516,64	-5,906	
54,04	7,247	178,65	516,25	-5,906	
54,06	7,247	178,90	515,86	-5,907	
54,08	7,247	178,93	515,46	-5,907	
54,10	7,247	178,93	515,08	-5,907	
54,12	7,247	178,97	514,71	-5,907	
54,14	7,247	178,97	514,36	-5,907	
54,16	7,247	178,93	514,00	-5,907	
54,18	7,247	178,95	513,63	-5,907	
54,20	7,247	178,97	513,24	-5,908	
54,22	7,247	179,01	512,88	-5,908	
54,24	7,247	179,02	512,54	-5,908	
54,26	7,247	178,97	512,20	-5,908	
54,28	7,247	178,90	511,84	-5,908	
54,30	7,247	178,86	511,46	-5,908	
54,32	7,247	178,82	511,08	-5,909	
54,34	7,247	178,80	510,71	-5,909	
54,36	7,247	178,95	510,34	-5,909	
54,38	7,247	180,12	509,98	-5,909	
54,40	7,247	181,48	509,61	-5,909	
54,42	7,247	182,09	509,26	-5,910	
54,44	7,247	182,13	508,90	-5,910	
54,46	7,247	182,05	508,52	-5,910	
54,48	7,247	182,10	508,14	-5,910	
54,50	7,247	182,18	507,76	-5,910	
54,52	7,247	182,12	507,39	-5,910	
54,54	7,247	182,07	507,04	-5,911	
54,56	7,247	182,07	506,68	-5,911	
54,58	7,247	182,14	506,32	-5,911	
54,60	7,247	182,25	505,95	-5,911	
54,62	7,247	182,27	505,59	-5,911	
54,64	7,247	182,21	505,22	-5,911	
54,66	7,247	182,10	504,86	-5,912	
54,68	7,247	182,08	504,51	-5,912	
54,70	7,247	182,09	504,16	-5,912	
54,72	7,247	182,06	503,80	-5,912	
54,74	7,247	182,03	503,43	-5,912	
54,76	7,247	182,07	503,08	-5,913	
54,78	7,247	182,72	502,73	-5,913	
54,80	7,247	184,18	502,40	-5,913	
54,82	7,247	185,13	502,06	-5,913	
54,84	7,247	185,42	501,71	-5,913	
54,86	7,247	185,49	501,37	-5,913	
54,88	7,247	185,50	501,02	-5,914	
54,90	7,247	185,53	500,66	-5,914	