Zeit  1 - Standardmessrate [s]	ZwickWeg [mm]	ZwickKraft [N]	Pyrometer [°C]	Maytec [mm]
0	-0,8891	161,87	150,09	0,00309	
0,02000	-0,8891	161,91	150,09	0,00308	
0,04000	-0,8891	161,54	150,09	0,00317	
0,06000	-0,8891	160,69	150,09	0,00327	
0,08000	-0,8891	160,54	150,09	0,00333	
0,1000	-0,8891	160,86	150,09	0,00332	
0,1200	-0,8891	159,86	150,09	0,00318	
0,1400	-0,8891	158,75	150,09	0,00307	
0,1600	-0,8891	158,37	150,09	0,00306	
0,1800	-0,8892	158,32	150,09	0,00310	
0,2000	-0,8891	158,38	150,09	0,00317	
0,2200	-0,8891	159,36	150,09	0,00330	
0,2400	-0,8891	160,24	150,09	0,00334	
0,2600	-0,8891	160,29	150,09	0,00327	
0,2800	-0,8891	159,79	150,09	0,00320	
0,3000	-0,8891	159,00	150,09	0,00318	
0,3200	-0,8891	158,58	150,09	0,00316	
0,3400	-0,8893	158,53	150,09	0,00322	
0,3600	-0,8896	158,52	150,09	0,00334	
0,3800	-0,8898	158,45	150,08	0,00334	
0,4000	-0,8898	158,35	150,08	0,00322	
0,4200	-0,8898	158,33	150,08	0,00310	
0,4400	-0,8898	158,41	150,08	0,00304	
0,4600	-0,8898	158,50	150,08	0,00312	
0,4800	-0,8898	158,55	150,08	0,00324	
0,5000	-0,8898	158,52	150,08	0,00333	
0,5200	-0,8898	158,47	150,08	0,00336	
0,5400	-0,8898	158,48	150,09	0,00330	
0,5600	-0,8898	158,55	150,09	0,00310	
0,5800	-0,8898	158,56	150,09	0,00299	
0,6000	-0,8898	158,53	150,09	0,00306	
0,6200	-0,8898	158,50	150,09	0,00320	
0,6400	-0,8898	158,41	150,09	0,00330	
0,6600	-0,8898	158,38	150,09	0,00332	
0,6800	-0,8898	158,45	150,09	0,00321	
0,7000	-0,8898	158,56	150,09	0,00309	
0,7200	-0,8898	158,62	150,09	0,00305	
0,7400	-0,8898	158,61	150,09	0,00312	
0,7600	-0,8898	158,56	150,09	0,00327	
0,7800	-0,8898	158,59	150,09	0,00337	
0,8000	-0,8898	158,57	150,09	0,00336	
0,8200	-0,8898	158,54	150,09	0,00324	
0,8400	-0,8898	158,53	150,09	0,00312	
0,8600	-0,8898	158,54	150,09	0,00315	
0,8800	-0,8898	158,54	150,09	0,00326	
0,9000	-0,8898	158,45	150,09	0,00332	
0,9200	-0,8898	158,40	150,09	0,00334	
0,9400	-0,8898	158,39	150,09	0,00329	
0,9600	-0,8898	158,36	150,09	0,00320	
0,9800	-0,8898	158,42	150,09	0,00320	
1,000	-0,8898	158,49	150,09	0,00318	
1,020	-0,8898	158,45	150,09	0,00317	
1,040	-0,8898	158,40	150,09	0,00331	
1,060	-0,8898	158,41	150,09	0,00343	
1,080	-0,8898	158,36	150,09	0,00336	
1,100	-0,8898	158,38	150,09	0,00319	
1,120	-0,8898	158,43	150,09	0,00311	
1,140	-0,8898	158,40	150,09	0,00316	
1,160	-0,8898	158,36	150,08	0,00330	
1,180	-0,8898	158,39	150,08	0,00336	
1,200	-0,8898	158,45	150,08	0,00332	
1,220	-0,8898	158,48	150,08	0,00327	
1,240	-0,8898	158,48	150,08	0,00317	
1,260	-0,8898	158,53	150,08	0,00311	
1,280	-0,8898	158,56	150,08	0,00314	
1,300	-0,8898	158,60	150,08	0,00322	
1,320	-0,8898	158,56	150,09	0,00326	
1,340	-0,8898	158,46	150,09	0,00329	
1,360	-0,8898	158,46	150,09	0,00321	
1,380	-0,8898	158,50	150,09	0,00317	
1,400	-0,8898	158,49	150,09	0,00313	
1,420	-0,8898	158,49	150,09	0,00317	
1,440	-0,8898	158,49	150,09	0,00325	
1,460	-0,8898	158,50	150,09	0,00332	
1,480	-0,8898	158,54	150,09	0,00335	
1,500	-0,8898	158,57	150,09	0,00333	
1,520	-0,8898	158,59	150,09	0,00316	
1,540	-0,8898	158,59	150,09	0,00308	
1,560	-0,8898	158,59	150,09	0,00312	
1,580	-0,8898	158,56	150,09	0,00322	
1,600	-0,8898	158,61	150,09	0,00333	
1,620	-0,8898	158,66	150,09	0,00333	
1,640	-0,8898	158,65	150,09	0,00325	
1,660	-0,8898	158,67	150,09	0,00321	
1,680	-0,8898	158,70	150,09	0,00318	
1,700	-0,8898	158,73	150,09	0,00318	
1,720	-0,8898	158,74	150,09	0,00327	
1,740	-0,8898	158,69	150,09	0,00335	
1,760	-0,8898	158,62	150,09	0,00338	
1,780	-0,8898	158,63	150,09	0,00331	
1,800	-0,8898	158,66	150,09	0,00317	
1,820	-0,8898	158,59	150,09	0,00313	
1,840	-0,8898	158,58	150,09	0,00317	
1,860	-0,8898	158,59	150,09	0,00318	
1,880	-0,8898	158,56	150,09	0,00325	
1,900	-0,8898	158,48	150,09	0,00337	
1,920	-0,8898	158,53	150,09	0,00331	
1,940	-0,8898	158,56	150,09	0,00322	
1,960	-0,8898	158,60	150,09	0,00309	
1,980	-0,8898	158,58	150,09	0,00310	
2,000	-0,8898	158,56	150,09	0,00324	
2,020	-0,8898	158,52	150,09	0,00331	
2,040	-0,8898	158,51	150,09	0,00330	
2,060	-0,8898	158,55	150,09	0,00324	
2,080	-0,8898	158,61	150,09	0,00317	
2,100	-0,8898	158,65	150,09	0,00313	
2,120	-0,8898	158,64	150,09	0,00317	
2,140	-0,8898	158,63	150,09	0,00327	
2,160	-0,8898	158,62	150,09	0,00340	
2,180	-0,8898	158,61	150,09	0,00341	
2,200	-0,8898	158,61	150,09	0,00321	
2,220	-0,8898	158,61	150,09	0,00307	
2,240	-0,8898	158,62	150,09	0,00308	
2,260	-0,8898	158,58	150,09	0,00322	
2,280	-0,8898	158,62	150,09	0,00331	
2,300	-0,8898	158,65	150,09	0,00330	
2,320	-0,8898	158,59	150,09	0,00324	
2,340	-0,8898	158,57	150,09	0,00322	
2,360	-0,8898	158,62	150,09	0,00317	
2,380	-0,8898	158,64	150,09	0,00322	
2,400	-0,8898	158,63	150,09	0,00327	
2,420	-0,8898	158,61	150,09	0,00335	
2,440	-0,8898	158,63	150,09	0,00335	
2,460	-0,8898	158,62	150,09	0,00326	
2,480	-0,8898	158,59	150,09	0,00318	
2,500	-0,8898	158,60	150,09	0,00307	
2,520	-0,8898	158,57	150,09	0,00309	
2,540	-0,8898	158,53	150,09	0,00324	
2,560	-0,8898	158,53	150,09	0,00335	
2,580	-0,8898	158,55	150,09	0,00341	
2,600	-0,8898	158,57	150,09	0,00335	
2,620	-0,8898	158,62	150,09	0,00318	
2,640	-0,8898	158,64	150,09	0,00316	
2,660	-0,8898	158,61	150,09	0,00314	
2,680	-0,8898	158,54	150,09	0,00316	
2,700	-0,8898	158,57	150,09	0,00328	
2,720	-0,8898	158,66	150,09	0,00345	
2,740	-0,8898	158,65	150,09	0,00339	
2,760	-0,8898	158,60	150,09	0,00323	
2,780	-0,8898	158,61	150,09	0,00307	
2,800	-0,8898	158,61	150,09	0,00309	
2,820	-0,8898	158,57	150,09	0,00324	
2,840	-0,8898	158,51	150,09	0,00334	
2,860	-0,8898	158,54	150,09	0,00333	
2,880	-0,8898	158,53	150,09	0,00325	
2,900	-0,8898	158,53	150,09	0,00316	
2,920	-0,8898	158,57	150,09	0,00311	
2,940	-0,8898	158,57	150,09	0,00315	
2,960	-0,8898	158,58	150,09	0,00326	
2,980	-0,8898	158,60	150,09	0,00334	
3,000	-0,8898	158,93	150,09	0,00335	
3,020	-0,8898	160,37	150,09	0,00326	
3,040	-0,8898	161,61	150,09	0,00311	
3,060	-0,8898	162,06	150,09	0,00308	
3,080	-0,8898	162,10	150,09	0,00321	
3,100	-0,8898	162,02	150,09	0,00331	
3,120	-0,8898	161,04	150,09	0,00337	
3,140	-0,8898	159,59	150,09	0,00335	
3,160	-0,8898	158,88	150,09	0,00320	
3,180	-0,8898	158,71	150,09	0,00307	
3,200	-0,8898	158,68	150,09	0,00306	
3,220	-0,8898	158,69	150,09	0,00324	
3,240	-0,8898	158,68	150,09	0,00342	
3,260	-0,8898	158,70	150,09	0,00347	
3,280	-0,8898	158,70	150,09	0,00341	
3,300	-0,8898	158,67	150,09	0,00328	
3,320	-0,8898	158,70	150,09	0,00317	
3,340	-0,8898	158,72	150,09	0,00310	
3,360	-0,8898	158,70	150,09	0,00320	
3,380	-0,8898	158,66	150,09	0,00329	
3,400	-0,8898	158,61	150,09	0,00337	
3,420	-0,8898	158,58	150,09	0,00337	
3,440	-0,8898	158,61	150,09	0,00331	
3,460	-0,8898	158,61	150,09	0,00321	
3,480	-0,8898	158,61	150,09	0,00318	
3,500	-0,8898	158,64	150,09	0,00326	
3,520	-0,8898	158,67	150,09	0,00334	
3,540	-0,8898	158,63	150,09	0,00332	
3,560	-0,8898	158,62	150,09	0,00324	
3,580	-0,8898	158,62	150,09	0,00317	
3,600	-0,8898	158,61	150,09	0,00313	
3,620	-0,8898	158,66	150,09	0,00314	
3,640	-0,8898	158,77	150,09	0,00319	
3,660	-0,8898	158,80	150,09	0,00333	
3,680	-0,8898	158,68	150,09	0,00339	
3,700	-0,8898	158,62	150,09	0,00328	
3,720	-0,8898	158,64	150,09	0,00322	
3,740	-0,8898	158,60	150,09	0,00315	
3,760	-0,8898	158,55	150,09	0,00310	
3,780	-0,8898	158,54	150,09	0,00323	
3,800	-0,8898	158,57	150,09	0,00337	
3,820	-0,8898	158,51	150,09	0,00338	
3,840	-0,8898	158,45	150,09	0,00325	
3,860	-0,8898	158,45	150,09	0,00308	
3,880	-0,8898	158,59	150,09	0,00307	
3,900	-0,8898	158,70	150,09	0,00310	
3,920	-0,8898	158,71	150,09	0,00316	
3,940	-0,8898	158,70	150,08	0,00329	
3,960	-0,8898	158,65	150,08	0,00333	
3,980	-0,8898	158,62	150,08	0,00326	
4,000	-0,8898	158,61	150,08	0,00321	
4,020	-0,8898	158,57	150,08	0,00319	
4,040	-0,8898	158,54	150,08	0,00321	
4,060	-0,8898	158,56	150,08	0,00328	
4,080	-0,8898	158,69	150,09	0,00334	
4,100	-0,8898	158,73	150,09	0,00339	
4,120	-0,8898	158,70	150,09	0,00336	
4,140	-0,8898	158,69	150,09	0,00326	
4,160	-0,8898	158,70	150,09	0,00316	
4,180	-0,8898	158,73	150,09	0,00314	
4,200	-0,8898	158,74	150,09	0,00325	
4,220	-0,8898	158,75	150,09	0,00329	
4,240	-0,8898	158,75	150,09	0,00328	
4,260	-0,8898	158,73	150,09	0,00326	
4,280	-0,8898	158,67	150,09	0,00318	
4,300	-0,8898	158,65	150,09	0,00316	
4,320	-0,8898	158,67	150,09	0,00316	
4,340	-0,8898	158,66	150,09	0,00319	
4,360	-0,8898	158,69	150,09	0,00328	
4,380	-0,8898	158,72	150,09	0,00337	
4,400	-0,8898	158,73	150,09	0,00331	
4,420	-0,8898	158,66	150,09	0,00315	
4,440	-0,8898	158,68	150,09	0,00315	
4,460	-0,8898	158,77	150,09	0,00317	
4,480	-0,8903	161,48	150,18	0,00311	
4,500	-0,8900	152,02	150,13	0,00228	
4,520	-0,8894	112,26	150,02	0,00183	
4,540	-0,8895	69,63	150,04	0,00209	
4,560	-0,8896	33,63	150,08	0,00238	
4,580	-0,8881	5,523	150,09	0,00243	
4,600	-0,8835	-6,087	150,09	0,00241	
4,620	-0,8773	18,73	150,09	0,00248	
4,640	-0,8722	56,04	150,09	0,00256	
4,660	-0,8686	91,42	150,09	0,00262	
4,680	-0,8662	120,11	150,09	0,00264	
4,700	-0,8648	140,31	150,08	0,00255	
4,720	-0,8640	153,72	150,08	0,00246	
4,740	-0,8637	160,63	150,08	0,00244	
4,760	-0,8636	163,82	150,08	0,00247	
4,780	-0,8638	165,11	150,08	0,00259	
4,800	-0,8641	165,40	150,08	0,00273	
4,820	-0,8642	165,42	150,08	0,00274	
4,840	-0,8642	165,44	150,09	0,00261	
4,860	-0,8643	165,47	150,09	0,00252	
4,880	-0,8643	165,43	150,09	0,00255	
4,900	-0,8646	165,37	150,09	0,00267	
4,920	-0,8649	165,36	150,09	0,00279	
4,940	-0,8650	165,08	150,09	0,00282	
4,960	-0,8650	163,69	150,09	0,00276	
4,980	-0,8650	162,49	150,09	0,00267	
5,000	-0,8650	162,08	150,09	0,00254	
5,020	-0,8653	162,00	150,09	0,00257	
5,040	-0,8655	162,05	150,09	0,00268	
5,060	-0,8656	162,07	150,08	0,00271	
5,080	-0,8656	162,02	150,08	0,00271	
5,100	-0,8656	162,04	150,09	0,00265	
5,120	-0,8656	162,05	150,08	0,00257	
5,140	-0,8656	162,13	150,08	0,00254	
5,160	-0,8656	162,15	150,08	0,00262	
5,180	-0,8656	162,12	150,08	0,00268	
5,200	-0,8656	162,12	150,08	0,00276	
5,220	-0,8656	162,12	150,08	0,00279	
5,240	-0,8656	162,11	150,08	0,00274	
5,260	-0,8658	162,17	150,08	0,00270	
5,280	-0,8661	162,12	150,08	0,00265	
5,300	-0,8662	162,09	150,09	0,00267	
5,320	-0,8663	162,11	150,09	0,00268	
5,340	-0,8663	162,10	150,09	0,00275	
5,360	-0,8663	162,09	150,09	0,00286	
5,380	-0,8663	162,03	150,09	0,00284	
5,400	-0,8663	162,05	150,09	0,00271	
5,420	-0,8663	162,10	150,09	0,00258	
5,440	-0,8663	162,16	150,09	0,00257	
5,460	-0,8663	162,12	150,09	0,00270	
5,480	-0,8663	162,15	150,09	0,00281	
5,500	-0,8663	162,15	150,09	0,00287	
5,520	-0,8663	162,01	150,09	0,00281	
5,540	-0,8663	162,02	150,08	0,00270	
5,560	-0,8663	162,13	150,08	0,00265	
5,580	-0,8663	162,14	150,08	0,00266	
5,600	-0,8663	162,13	150,08	0,00276	
5,620	-0,8663	162,03	150,08	0,00287	
5,640	-0,8663	162,07	150,08	0,00289	
5,660	-0,8663	162,09	150,08	0,00284	
5,680	-0,8666	162,05	150,08	0,00271	
5,700	-0,8669	162,06	150,09	0,00261	
5,720	-0,8670	162,07	150,09	0,00267	
5,740	-0,8670	162,04	150,09	0,00282	
5,760	-0,8670	162,01	150,09	0,00290	
5,780	-0,8670	161,98	150,09	0,00286	
5,800	-0,8670	161,05	150,09	0,00271	
5,820	-0,8670	159,47	150,09	0,00266	
5,840	-0,8670	158,63	150,09	0,00267	
5,860	-0,8670	158,52	150,09	0,00269	
5,880	-0,8670	158,60	150,09	0,00273	
5,900	-0,8670	158,61	150,09	0,00281	
5,920	-0,8670	158,57	150,09	0,00288	
5,940	-0,8670	158,54	150,09	0,00285	
5,960	-0,8670	158,62	150,09	0,00273	
5,980	-0,8670	159,01	150,08	0,00263	
6,000	-0,8670	160,41	150,08	0,00265	
6,020	-0,8670	161,63	150,08	0,00272	
6,040	-0,8670	162,01	150,08	0,00279	
6,060	-0,8670	162,01	150,08	0,00284	
6,080	-0,8670	162,00	150,08	0,00280	
6,100	-0,8669	162,05	150,08	0,00264	
6,120	-0,8669	161,20	150,08	0,00253	
6,140	-0,8669	159,67	150,09	0,00256	
6,160	-0,8670	159,25	150,10	0,00267	
6,180	-0,8671	159,19	150,13	0,00269	
6,200	-0,8671	153,52	150,11	0,00269	
6,220	-0,8670	142,21	150,09	0,00269	
6,240	-0,8673	129,15	150,07	0,00255	
6,260	-0,8673	117,05	150,07	0,00235	
6,280	-0,8666	105,52	150,08	0,00227	
6,300	-0,8653	97,65	150,08	0,00228	
6,320	-0,8640	94,90	150,08	0,00237	
6,340	-0,8626	95,00	150,09	0,00244	
6,360	-0,8613	96,56	150,09	0,00250	
6,380	-0,8599	98,10	150,09	0,00247	
6,400	-0,8586	99,87	150,09	0,00230	
6,420	-0,8573	101,41	150,08	0,00220	
6,440	-0,8559	102,39	150,08	0,00229	
6,460	-0,8546	102,14	150,08	0,00238	
6,480	-0,8532	101,71	150,08	0,00247	
6,500	-0,8519	101,63	150,08	0,00247	
6,520	-0,8506	101,63	150,07	0,00241	
6,540	-0,8494	101,63	150,07	0,00233	
6,560	-0,8483	101,69	150,08	0,00235	
6,580	-0,8471	101,69	150,08	0,00240	
6,600	-0,8458	101,70	150,08	0,00251	
6,620	-0,8445	100,80	150,09	0,00260	
6,640	-0,8432	99,24	150,08	0,00260	
6,660	-0,8418	98,35	150,09	0,00247	
6,680	-0,8405	98,16	150,09	0,00233	
6,700	-0,8391	98,18	150,08	0,00232	
6,720	-0,8378	98,18	150,08	0,00236	
6,740	-0,8364	98,17	150,08	0,00240	
6,760	-0,8351	98,15	150,08	0,00248	
6,780	-0,8337	98,13	150,08	0,00250	
6,800	-0,8324	98,17	150,08	0,00240	
6,820	-0,8309	98,21	150,08	0,00226	
6,840	-0,8292	98,14	150,08	0,00227	
6,860	-0,8277	98,11	150,08	0,00237	
6,880	-0,8264	98,13	150,08	0,00254	
6,900	-0,8250	98,12	150,08	0,00267	
6,920	-0,8237	98,12	150,09	0,00266	
6,940	-0,8224	98,11	150,09	0,00253	
6,960	-0,8210	98,02	150,08	0,00236	
6,980	-0,8197	98,00	150,08	0,00236	
7,000	-0,8183	98,06	150,08	0,00244	
7,020	-0,8170	98,15	150,08	0,00254	
7,040	-0,8156	98,18	150,08	0,00263	
7,060	-0,8143	98,17	150,07	0,00259	
7,080	-0,8130	98,14	150,08	0,00249	
7,100	-0,8116	98,17	150,08	0,00240	
7,120	-0,8101	98,16	150,08	0,00240	
7,140	-0,8084	98,11	150,08	0,00251	
7,160	-0,8069	97,78	150,09	0,00266	
7,180	-0,8055	96,43	150,09	0,00275	
7,200	-0,8042	95,21	150,09	0,00267	
7,220	-0,8029	94,71	150,09	0,00250	
7,240	-0,8015	94,65	150,09	0,00238	
7,260	-0,8002	94,65	150,08	0,00240	
7,280	-0,7988	94,68	150,08	0,00251	
7,300	-0,7973	94,69	150,08	0,00260	
7,320	-0,7957	94,65	150,08	0,00259	
7,340	-0,7942	94,70	150,08	0,00244	
7,360	-0,7928	94,81	150,08	0,00232	
7,380	-0,7914	94,86	150,08	0,00229	
7,400	-0,7901	94,01	150,08	0,00240	
7,420	-0,7887	92,43	150,08	0,00255	
7,440	-0,7871	92,37	150,08	0,00260	
7,460	-0,7855	93,74	150,09	0,00256	
7,480	-0,7841	94,62	150,09	0,00246	
7,500	-0,7827	94,80	150,09	0,00236	
7,520	-0,7812	94,75	150,09	0,00233	
7,540	-0,7796	94,75	150,09	0,00241	
7,560	-0,7781	94,78	150,09	0,00250	
7,580	-0,7767	94,68	150,09	0,00252	
7,600	-0,7753	93,78	150,08	0,00254	
7,620	-0,7738	92,37	150,08	0,00251	
7,640	-0,7722	91,59	150,08	0,00242	
7,660	-0,7707	91,42	150,07	0,00238	
7,680	-0,7693	91,40	150,07	0,00237	
7,700	-0,7679	91,35	150,08	0,00243	
7,720	-0,7663	91,30	150,08	0,00250	
7,740	-0,7647	91,38	150,08	0,00257	
7,760	-0,7632	91,52	150,09	0,00253	
7,780	-0,7617	91,50	150,09	0,00241	
7,800	-0,7601	91,45	150,09	0,00231	
7,820	-0,7586	91,40	150,09	0,00234	
7,840	-0,7571	91,30	150,09	0,00250	
7,860	-0,7555	91,25	150,09	0,00265	
7,880	-0,7539	91,25	150,09	0,00268	
7,900	-0,7525	91,28	150,09	0,00260	
7,920	-0,7509	91,28	150,08	0,00251	
7,940	-0,7493	91,25	150,08	0,00242	
7,960	-0,7477	91,20	150,08	0,00247	
7,980	-0,7461	91,22	150,08	0,00256	
8,000	-0,7445	91,21	150,08	0,00264	
8,020	-0,7431	91,20	150,08	0,00264	
8,040	-0,7415	91,21	150,08	0,00252	
8,060	-0,7399	91,22	150,08	0,00240	
8,080	-0,7384	90,43	150,08	0,00239	
8,100	-0,7370	88,94	150,08	0,00253	
8,120	-0,7354	88,08	150,09	0,00264	
8,140	-0,7338	87,82	150,09	0,00271	
8,160	-0,7322	87,81	150,09	0,00269	
8,180	-0,7305	87,90	150,14	0,00256	
8,200	-0,7290	87,93	150,77	0,00245	
8,220	-0,7275	87,96	152,20	0,00242	
8,240	-0,7258	87,97	153,63	0,00246	
8,260	-0,7243	87,70	154,83	0,00256	
8,280	-0,7226	87,14	155,97	0,00266	
8,300	-0,7210	87,39	157,19	0,00267	
8,320	-0,7193	87,86	158,63	0,00256	
8,340	-0,7176	88,07	160,19	0,00243	
8,360	-0,7159	88,08	161,69	0,00239	
8,380	-0,7143	88,06	163,11	0,00245	
8,400	-0,7127	87,96	164,38	0,00251	
8,420	-0,7111	87,06	165,83	0,00261	
8,440	-0,7095	85,56	167,71	0,00262	
8,460	-0,7079	84,69	169,68	0,00256	
8,480	-0,7062	84,51	171,31	0,00251	
8,500	-0,7045	84,55	172,65	0,00252	
8,520	-0,7029	84,54	173,84	0,00254	
8,540	-0,7012	84,59	174,92	0,00259	
8,560	-0,6995	84,64	176,02	0,00271	
8,580	-0,6978	84,61	177,27	0,00277	
8,600	-0,6962	84,58	178,55	0,00263	
8,620	-0,6945	84,64	180,01	0,00246	
8,640	-0,6928	84,69	181,61	0,00239	
8,660	-0,6911	84,69	183,05	0,00242	
8,680	-0,6894	84,67	184,42	0,00253	
8,700	-0,6877	84,44	185,85	0,00262	
8,720	-0,6860	83,93	187,36	0,00264	
8,740	-0,6842	84,21	188,88	0,00260	
8,760	-0,6824	84,61	190,46	0,00246	
8,780	-0,6807	84,75	192,12	0,00237	
8,800	-0,6790	84,76	193,68	0,00238	
8,820	-0,6772	84,73	195,24	0,00251	
8,840	-0,6755	84,44	196,65	0,00263	
8,860	-0,6738	83,07	197,98	0,00266	
8,880	-0,6720	81,82	199,31	0,00256	
8,900	-0,6703	81,39	200,69	0,00248	
8,920	-0,6686	81,33	202,15	0,00249	
8,940	-0,6669	81,31	203,55	0,00247	
8,960	-0,6651	81,35	204,90	0,00251	
8,980	-0,6633	81,38	206,29	0,00261	
9,000	-0,6615	81,30	207,78	0,00262	
9,020	-0,6597	81,27	209,23	0,00248	
9,040	-0,6579	80,45	210,60	0,00236	
9,060	-0,6561	78,94	211,96	0,00238	
9,080	-0,6543	78,08	213,34	0,00251	
9,100	-0,6526	78,14	214,72	0,00263	
9,120	-0,6508	79,53	216,10	0,00258	
9,140	-0,6490	80,82	217,52	0,00249	
9,160	-0,6471	81,30	218,87	0,00247	
9,180	-0,6453	82,17	220,17	0,00247	
9,200	-0,6435	83,69	221,49	0,00251	
9,220	-0,6418	84,54	222,89	0,00263	
9,240	-0,6400	84,42	224,29	0,00272	
9,260	-0,6383	83,03	225,64	0,00274	
9,280	-0,6366	81,80	227,01	0,00267	
9,300	-0,6350	81,36	228,40	0,00255	
9,320	-0,6333	81,62	229,78	0,00245	
9,340	-0,6315	83,02	231,11	0,00246	
9,360	-0,6297	84,23	232,44	0,00259	
9,380	-0,6280	84,72	233,82	0,00274	
9,400	-0,6263	84,77	235,23	0,00280	
9,420	-0,6246	84,70	236,58	0,00263	
9,440	-0,6228	84,63	237,91	0,00243	
9,460	-0,6210	84,57	239,26	0,00240	
9,480	-0,6192	84,56	240,60	0,00246	
9,500	-0,6175	84,61	241,94	0,00253	
9,520	-0,6159	84,65	243,26	0,00261	
9,540	-0,6141	84,63	244,58	0,00307	
9,560	-0,6123	83,77	245,95	0,00373	
9,580	-0,6105	82,24	247,35	0,00406	
9,600	-0,6088	81,43	248,75	0,00411	
9,620	-0,6071	81,25	250,13	0,00418	
9,640	-0,6054	81,22	251,52	0,00434	
9,660	-0,6036	81,26	252,89	0,00440	
9,680	-0,6018	81,20	254,24	0,00436	
9,700	-0,6000	81,18	255,57	0,00427	
9,720	-0,5982	81,21	256,93	0,00417	
9,740	-0,5964	81,24	258,63	0,00411	
9,760	-0,5947	80,99	261,27	0,00403	
9,780	-0,5930	79,60	264,79	0,00350	
9,800	-0,5912	78,35	268,31	0,00289	
9,820	-0,5894	77,98	270,75	0,00257	
9,840	-0,5876	77,94	272,36	0,00247	
9,860	-0,5859	77,92	273,79	0,00253	
9,880	-0,5840	77,91	275,27	0,00260	
9,900	-0,5821	78,00	276,78	0,00258	
9,920	-0,5802	77,96	278,25	0,00259	
9,940	-0,5783	77,02	279,70	0,00263	
9,960	-0,5764	75,45	281,16	0,00265	
9,980	-0,5745	74,68	282,67	0,00253	
10,00	-0,5727	74,49	284,17	0,00240	
10,02	-0,5708	74,19	285,72	0,00243	
10,04	-0,5688	72,86	287,29	0,00255	
10,06	-0,5669	71,59	288,79	0,00264	
10,08	-0,5650	71,17	290,21	0,00271	
10,10	-0,5631	71,16	291,75	0,00265	
10,12	-0,5611	71,20	293,37	0,00253	
10,14	-0,5591	71,22	294,97	0,00255	
10,16	-0,5571	71,23	296,51	0,00257	
10,18	-0,5551	71,22	298,03	0,00260	
10,20	-0,5531	71,18	299,54	0,00266	
10,22	-0,5511	71,15	301,14	0,00270	
10,24	-0,5491	71,18	302,77	0,00266	
10,26	-0,5471	71,19	304,39	0,00256	
10,28	-0,5450	71,15	306,00	0,00250	
10,30	-0,5430	71,11	307,59	0,00253	
10,32	-0,5410	70,88	309,20	0,00260	
10,34	-0,5390	69,52	310,88	0,00266	
10,36	-0,5370	68,27	312,51	0,00269	
10,38	-0,5349	67,83	314,09	0,00261	
10,40	-0,5327	67,77	315,75	0,00248	
10,42	-0,5306	67,79	317,45	0,00246	
10,44	-0,5286	67,03	319,12	0,00248	
10,46	-0,5266	65,53	320,77	0,00249	
10,48	-0,5245	64,63	322,48	0,00255	
10,50	-0,5224	64,41	324,23	0,00265	
10,52	-0,5202	64,42	325,94	0,00261	
10,54	-0,5181	64,41	327,64	0,00252	
10,56	-0,5160	64,43	329,33	0,00251	
10,58	-0,5139	64,42	331,09	0,00250	
10,60	-0,5117	64,41	332,88	0,00251	
10,62	-0,5095	64,45	334,67	0,00259	
10,64	-0,5073	64,44	336,46	0,00269	
10,66	-0,5051	63,59	338,24	0,00265	
10,68	-0,5031	62,06	340,06	0,00254	
10,70	-0,5010	61,19	341,85	0,00251	
10,72	-0,4988	61,07	343,67	0,00253	
10,74	-0,4965	61,11	345,48	0,00263	
10,76	-0,4943	61,07	347,29	0,00265	
10,78	-0,4920	61,85	349,09	0,00261	
10,80	-0,4898	63,38	350,92	0,00250	
10,82	-0,4875	64,35	352,71	0,00244	
10,84	-0,4853	64,64	354,47	0,00245	
10,86	-0,4830	65,41	356,28	0,00246	
10,88	-0,4809	66,90	358,09	0,00258	
10,90	-0,4788	67,73	359,93	0,00265	
10,92	-0,4766	67,90	361,82	0,00264	
10,94	-0,4744	67,43	363,61	0,00256	
10,96	-0,4723	70,78	364,80	0,00249	
10,98	-0,4704	80,57	365,32	0,00257	
11,00	-0,4685	94,29	365,56	0,00272	
11,02	-0,4664	108,13	365,82	0,00280	
11,04	-0,4646	120,68	366,20	0,00274	
11,06	-0,4636	129,42	366,75	0,00268	
11,08	-0,4631	129,94	367,61	0,00260	
11,10	-0,4626	126,26	368,51	0,00258	
11,12	-0,4620	125,89	369,31	0,00258	
11,14	-0,4613	126,37	370,28	0,00261	
11,16	-0,4603	126,62	371,31	0,00267	
11,18	-0,4594	129,39	372,16	0,00274	
11,20	-0,4588	132,68	372,93	0,00276	
11,22	-0,4582	132,94	373,83	0,00263	
11,24	-0,4576	131,72	374,76	0,00248	
11,26	-0,4570	132,39	375,58	0,00245	
11,28	-0,4565	131,83	376,47	0,00256	
11,30	-0,4559	128,76	377,45	0,00264	
11,32	-0,4553	126,97	378,35	0,00275	
11,34	-0,4546	126,99	379,18	0,00274	
11,36	-0,4539	125,64	380,05	0,00265	
11,38	-0,4532	123,07	380,99	0,00254	
11,40	-0,4526	123,26	381,85	0,00254	
11,42	-0,4520	124,33	382,69	0,00262	
11,44	-0,4513	123,48	383,61	0,00266	
11,46	-0,4506	122,14	384,58	0,00269	
11,48	-0,4499	122,51	385,44	0,00267	
11,50	-0,4492	123,34	386,29	0,00256	
11,52	-0,4485	122,28	387,23	0,00249	
11,54	-0,4477	121,24	388,13	0,00252	
11,56	-0,4470	122,02	388,99	0,00256	
11,58	-0,4463	121,71	389,91	0,00264	
11,60	-0,4456	121,12	390,81	0,00274	
11,62	-0,4450	122,15	391,69	0,00276	
11,64	-0,4444	123,14	392,57	0,00268	
11,66	-0,4437	122,53	393,46	0,00258	
11,68	-0,4429	122,07	394,35	0,00255	
11,70	-0,4424	122,28	395,22	0,00259	
11,72	-0,4418	121,19	396,12	0,00263	
11,74	-0,4411	119,88	397,01	0,00270	
11,76	-0,4405	120,14	397,87	0,00278	
11,78	-0,4398	120,07	398,78	0,00277	
11,80	-0,4391	119,57	399,67	0,00268	
11,82	-0,4385	119,19	400,55	0,00262	
11,84	-0,4379	118,26	401,48	0,00267	
11,86	-0,4374	117,50	402,38	0,00276	
11,88	-0,4368	117,93	403,23	0,00283	
11,90	-0,4361	117,94	404,13	0,00277	
11,92	-0,4354	117,72	405,00	0,00268	
11,94	-0,4348	118,72	405,87	0,00261	
11,96	-0,4341	118,40	406,82	0,00262	
11,98	-0,4334	117,96	407,72	0,00276	
12,00	-0,4328	118,85	408,59	0,00285	
12,02	-0,4323	118,29	409,53	0,00288	
12,04	-0,4317	117,19	410,40	0,00283	
12,06	-0,4311	117,68	411,22	0,00264	
12,08	-0,4304	117,32	412,13	0,00252	
12,10	-0,4299	116,45	413,03	0,00262	
12,12	-0,4293	116,07	413,92	0,00270	
12,14	-0,4287	115,81	414,82	0,00275	
12,16	-0,4281	114,60	415,73	0,00281	
12,18	-0,4274	114,97	416,58	0,00279	
12,20	-0,4268	116,37	417,45	0,00268	
12,22	-0,4262	115,48	418,41	0,00260	
12,24	-0,4257	114,44	419,29	0,00259	
12,26	-0,4251	115,91	420,12	0,00266	
12,28	-0,4244	115,71	421,06	0,00274	
12,30	-0,4237	114,68	421,97	0,00286	
12,32	-0,4232	115,26	422,83	0,00282	
12,34	-0,4226	114,90	423,73	0,00265	
12,36	-0,4221	114,58	424,55	0,00258	
12,38	-0,4214	115,47	425,42	0,00263	
12,40	-0,4207	114,83	426,38	0,00273	
12,42	-0,4202	113,68	427,29	0,00285	
12,44	-0,4197	114,12	428,15	0,00287	
12,46	-0,4190	113,64	429,05	0,00277	
12,48	-0,4184	112,27	429,96	0,00261	
12,50	-0,4178	112,13	430,83	0,00249	
12,52	-0,4173	112,36	431,71	0,00255	
12,54	-0,4167	111,31	432,62	0,00267	
12,56	-0,4160	110,81	433,48	0,00279	
12,58	-0,4155	111,37	434,34	0,00284	
12,60	-0,4149	110,61	435,30	0,00274	
12,62	-0,4143	109,94	436,17	0,00264	
12,64	-0,4137	110,90	436,98	0,00256	
12,66	-0,4131	110,28	437,91	0,00254	
12,68	-0,4125	108,48	438,84	0,00266	
12,70	-0,4120	108,81	439,74	0,00275	
12,72	-0,4113	109,57	440,65	0,00276	
12,74	-0,4106	109,10	441,48	0,00270	
12,76	-0,4100	109,29	442,35	0,00262	
12,78	-0,4095	109,68	443,29	0,00255	
12,80	-0,4089	109,66	444,16	0,00263	
12,82	-0,4084	109,25	445,03	0,00273	
12,84	-0,4078	107,65	445,99	0,00281	
12,86	-0,4072	107,65	446,85	0,00281	
12,88	-0,4066	109,26	447,70	0,00276	
12,90	-0,4059	108,81	448,63	0,00263	
12,92	-0,4052	108,28	449,51	0,00255	
12,94	-0,4046	109,32	450,39	0,00264	
12,96	-0,4041	109,51	451,31	0,00279	
12,98	-0,4035	109,57	452,19	0,00286	
13,00	-0,4029	110,60	453,03	0,00286	
13,02	-0,4023	110,67	453,91	0,00278	
13,04	-0,4018	109,14	454,86	0,00267	
13,06	-0,4012	108,57	455,76	0,00257	
13,08	-0,4006	108,54	456,66	0,00260	
13,10	-0,4001	107,78	457,58	0,00269	
13,12	-0,3995	107,55	458,41	0,00278	
13,14	-0,3989	108,61	459,28	0,00282	
13,16	-0,3982	108,00	460,24	0,00279	
13,18	-0,3976	107,83	461,07	0,00270	
13,20	-0,3970	109,11	461,92	0,00263	
13,22	-0,3964	108,03	462,89	0,00270	
13,24	-0,3958	107,79	463,78	0,00282	
13,26	-0,3952	109,26	464,67	0,00287	
13,28	-0,3946	108,88	465,58	0,00289	
13,30	-0,3941	108,15	466,41	0,00280	
13,32	-0,3935	108,55	467,28	0,00271	
13,34	-0,3928	108,04	468,21	0,00265	
13,36	-0,3923	107,20	469,09	0,00270	
13,38	-0,3917	107,22	470,00	0,00277	
13,40	-0,3911	105,77	470,91	0,00291	
13,42	-0,3907	105,38	471,72	0,00296	
13,44	-0,3901	105,27	472,63	0,00286	
13,46	-0,3894	104,26	473,58	0,00267	
13,48	-0,3888	104,77	474,41	0,00255	
13,50	-0,3882	105,24	475,31	0,00259	
13,52	-0,3877	103,87	476,24	0,00272	
13,54	-0,3871	103,89	477,08	0,00290	
13,56	-0,3865	104,23	477,95	0,00289	
13,58	-0,3859	103,38	478,86	0,00276	
13,60	-0,3854	103,64	479,74	0,00262	
13,62	-0,3848	104,06	480,65	0,00257	
13,64	-0,3841	103,66	481,51	0,00264	
13,66	-0,3836	104,41	482,34	0,00274	
13,68	-0,3830	103,92	483,31	0,00287	
13,70	-0,3824	103,17	484,24	0,00290	
13,72	-0,3818	104,16	485,08	0,00278	
13,74	-0,3813	104,53	485,98	0,00265	
13,76	-0,3807	103,43	486,89	0,00260	
13,78	-0,3801	103,55	487,77	0,00269	
13,80	-0,3795	104,23	488,63	0,00284	
13,82	-0,3790	103,24	489,52	0,00288	
13,84	-0,3784	102,01	490,41	0,00284	
13,86	-0,3778	101,95	491,27	0,00278	
13,88	-0,3772	101,26	492,21	0,00265	
13,90	-0,3766	99,95	493,13	0,00265	
13,92	-0,3761	100,14	493,98	0,00271	
13,94	-0,3754	99,42	494,91	0,00279	
13,96	-0,3747	98,68	495,80	0,00285	
13,98	-0,3741	99,77	496,60	0,00279	
14,00	-0,3735	99,82	497,55	0,00262	
14,02	-0,3729	99,06	498,46	0,00253	
14,04	-0,3724	100,16	499,29	0,00254	
14,06	-0,3719	99,99	500,23	0,00261	
14,08	-0,3713	98,50	501,12	0,00273	
14,10	-0,3707	99,53	501,96	0,00285	
14,12	-0,3700	99,70	502,91	0,00282	
14,14	-0,3693	98,51	503,78	0,00268	
14,16	-0,3688	99,64	504,61	0,00256	
14,18	-0,3683	99,79	505,57	0,00255	
14,20	-0,3677	98,50	506,46	0,00262	
14,22	-0,3670	98,65	507,32	0,00281	
14,24	-0,3663	97,91	508,28	0,00289	
14,26	-0,3657	96,93	509,13	0,00285	
14,28	-0,3652	98,14	509,98	0,00273	
14,30	-0,3646	98,43	510,92	0,00255	
14,32	-0,3640	98,12	511,76	0,00259	
14,34	-0,3633	98,92	512,65	0,00279	
14,36	-0,3626	97,63	513,62	0,00285	
14,38	-0,3621	97,38	514,45	0,00286	
14,40	-0,3616	98,64	515,33	0,00283	
14,42	-0,3609	97,62	516,29	0,00273	
14,44	-0,3603	97,54	517,10	0,00269	
14,46	-0,3597	98,96	517,98	0,00264	
14,48	-0,3591	98,29	518,91	0,00273	
14,50	-0,3586	97,13	519,75	0,00287	
14,52	-0,3579	96,96	520,66	0,00286	
14,54	-0,3572	95,50	521,58	0,00277	
14,56	-0,3566	95,13	522,39	0,00271	
14,58	-0,3561	95,00	523,32	0,00267	
14,60	-0,3555	93,53	524,28	0,00268	
14,62	-0,3549	93,73	525,10	0,00277	
14,64	-0,3542	93,89	526,03	0,00286	
14,66	-0,3535	93,07	526,90	0,00288	
14,68	-0,3529	93,73	527,65	0,00277	
14,70	-0,3522	93,74	528,62	0,00270	
14,72	-0,3515	91,70	529,62	0,00265	
14,74	-0,3509	92,03	530,48	0,00266	
14,76	-0,3502	91,92	531,39	0,00282	
14,78	-0,3495	90,05	532,26	0,00291	
14,80	-0,3489	90,20	533,06	0,00293	
14,82	-0,3483	89,88	534,02	0,00281	
14,84	-0,3476	88,98	534,89	0,00268	
14,86	-0,3470	89,98	535,68	0,00261	
14,88	-0,3463	89,72	536,66	0,00263	
14,90	-0,3456	88,27	537,60	0,00268	
14,92	-0,3449	89,34	538,45	0,00276	
14,94	-0,3441	89,44	539,39	0,00281	
14,96	-0,3435	87,12	540,26	0,00275	
14,98	-0,3428	87,25	541,10	0,00263	
15,00	-0,3421	87,33	542,00	0,00256	
15,02	-0,3415	86,20	542,81	0,00262	
15,04	-0,3408	86,58	543,67	0,00269	
15,06	-0,3401	85,80	544,70	0,00271	
15,08	-0,3395	84,28	545,60	0,00277	
15,10	-0,3388	84,26	546,44	0,00284	
15,12	-0,3380	83,45	547,37	0,00277	
15,14	-0,3372	82,36	548,21	0,00266	
15,16	-0,3365	82,60	549,09	0,00263	
15,18	-0,3357	81,67	550,00	0,00269	
15,20	-0,3351	80,46	550,78	0,00277	
15,22	-0,3345	80,34	551,68	0,00285	
15,24	-0,3337	78,68	552,71	0,00281	
15,26	-0,3329	78,32	553,57	0,00268	
15,28	-0,3321	78,24	554,44	0,00258	
15,30	-0,3313	75,98	555,35	0,00263	
15,32	-0,3306	75,23	556,11	0,00277	
15,34	-0,3298	75,49	557,01	0,00283	
15,36	-0,3289	72,76	558,03	0,00281	
15,38	-0,3282	71,44	558,85	0,00270	
15,40	-0,3274	71,57	559,75	0,00257	
15,42	-0,3265	69,60	560,69	0,00250	
15,44	-0,3258	68,31	561,48	0,00263	
15,46	-0,3250	67,86	562,41	0,00276	
15,48	-0,3241	65,77	563,37	0,00278	
15,50	-0,3233	65,91	564,14	0,00279	
15,52	-0,3224	65,80	565,06	0,00278	
15,54	-0,3214	62,92	566,01	0,00268	
15,56	-0,3206	62,42	566,80	0,00260	
15,58	-0,3197	62,35	567,73	0,00263	
15,60	-0,3187	59,18	568,70	0,00280	
15,62	-0,3179	57,83	569,53	0,00289	
15,64	-0,3170	57,98	570,42	0,00286	
15,66	-0,3161	55,52	571,28	0,00271	
15,68	-0,3152	54,33	572,10	0,00256	
15,70	-0,3141	54,38	573,04	0,00251	
15,72	-0,3131	52,77	573,95	0,00264	
15,74	-0,3121	51,74	574,78	0,00279	
15,76	-0,3111	49,56	575,75	0,00277	
15,78	-0,3101	46,43	576,69	0,00268	
15,80	-0,3091	45,66	577,53	0,00263	
15,82	-0,3081	45,13	578,43	0,00258	
15,84	-0,3071	42,85	579,31	0,00263	
15,86	-0,3060	41,76	580,11	0,00272	
15,88	-0,3049	40,79	581,02	0,00278	
15,90	-0,3038	38,37	581,97	0,00284	
15,92	-0,3026	36,83	582,85	0,00280	
15,94	-0,3015	35,62	583,73	0,00263	
15,96	-0,3005	34,11	584,53	0,00251	
15,98	-0,2993	32,88	585,40	0,00248	
16,00	-0,2979	30,91	586,47	0,00256	
16,02	-0,2969	28,92	587,37	0,00273	
16,04	-0,2958	28,53	588,12	0,00284	
16,06	-0,2946	26,80	589,03	0,00280	
16,08	-0,2932	23,21	589,99	0,00259	
16,10	-0,2919	21,88	590,82	0,00246	
16,12	-0,2906	21,75	591,59	0,00249	
16,14	-0,2892	18,48	592,56	0,00261	
16,16	-0,2878	15,27	593,57	0,00267	
16,18	-0,2865	14,68	594,39	0,00276	
16,20	-0,2852	13,55	595,19	0,00277	
16,22	-0,2838	10,60	596,10	0,00265	
16,24	-0,2825	7,835	597,05	0,00255	
16,26	-0,2811	6,899	597,88	0,00255	
16,28	-0,2798	5,060	598,74	0,00263	
16,30	-0,2781	2,037	599,72	0,00277	
16,32	-0,2765	-0,3387	600,60	0,00287	
16,34	-0,2751	-1,521	601,41	0,00275	
16,36	-0,2737	-3,085	602,28	0,00264	
16,38	-0,2721	-5,231	603,21	0,00261	
16,40	-0,2705	-7,491	604,11	0,00260	
16,42	-0,2690	-9,736	604,98	0,00265	
16,44	-0,2674	-11,85	605,87	0,00274	
16,46	-0,2658	-13,57	606,81	0,00279	
16,48	-0,2642	-14,80	607,71	0,00276	
16,50	-0,2625	-14,93	608,52	0,00267	
16,52	-0,2610	-15,72	609,42	0,00258	
16,54	-0,2593	-17,46	610,39	0,00254	
16,56	-0,2577	-17,74	611,26	0,00266	
16,58	-0,2560	-17,58	612,10	0,00272	
16,60	-0,2543	-18,09	613,03	0,00274	
16,62	-0,2526	-18,42	613,96	0,00275	
16,64	-0,2510	-16,93	614,78	0,00274	
16,66	-0,2493	-15,66	615,69	0,00275	
16,68	-0,2475	-15,25	616,73	0,00283	
16,70	-0,2459	-12,84	617,58	0,00286	
16,72	-0,2443	-9,080	618,35	0,00282	
16,74	-0,2427	-6,170	619,28	0,00274	
16,76	-0,2410	-3,739	620,23	0,00262	
16,78	-0,2395	1,055	621,01	0,00253	
16,80	-0,2381	5,538	621,93	0,00252	
16,82	-0,2364	6,742	623,03	0,00259	
16,84	-0,2349	10,30	623,93	0,00272	
16,86	-0,2335	15,91	624,70	0,00283	
16,88	-0,2321	19,80	625,59	0,00281	
16,90	-0,2307	22,62	626,52	0,00268	
16,92	-0,2294	28,10	627,31	0,00260	
16,94	-0,2282	33,26	628,19	0,00262	
16,96	-0,2271	35,64	629,22	0,00267	
16,98	-0,2260	39,40	630,10	0,00272	
17,00	-0,2247	44,79	630,96	0,00276	
17,02	-0,2234	47,91	631,87	0,00276	
17,04	-0,2225	50,73	632,68	0,00270	
17,06	-0,2214	55,00	633,56	0,00262	
17,08	-0,2204	57,75	634,51	0,00263	
17,10	-0,2193	60,66	635,33	0,00274	
17,12	-0,2183	64,28	636,24	0,00284	
17,14	-0,2173	65,55	637,21	0,00284	
17,16	-0,2165	67,95	638,03	0,00273	
17,18	-0,2156	70,48	638,92	0,00262	
17,20	-0,2148	70,68	639,85	0,00263	
17,22	-0,2140	72,12	640,67	0,00270	
17,24	-0,2131	74,62	641,58	0,00283	
17,26	-0,2122	74,38	642,53	0,00290	
17,28	-0,2115	74,77	643,39	0,00286	
17,30	-0,2106	76,84	644,28	0,00272	
17,32	-0,2097	77,24	645,16	0,00265	
17,34	-0,2089	77,35	646,01	0,00274	
17,36	-0,2081	78,05	646,96	0,00281	
17,38	-0,2074	78,28	647,83	0,00286	
17,40	-0,2067	79,25	648,61	0,00294	
17,42	-0,2058	79,35	649,58	0,00293	
17,44	-0,2051	78,09	650,54	0,00283	
17,46	-0,2044	79,27	651,38	0,00269	
17,48	-0,2035	79,59	652,32	0,00260	
17,50	-0,2027	77,69	653,16	0,00265	
17,52	-0,2020	77,29	653,95	0,00275	
17,54	-0,2011	76,30	654,95	0,00277	
17,56	-0,2004	73,66	655,89	0,00272	
17,58	-0,1998	73,95	656,69	0,00265	
17,60	-0,1990	73,40	657,61	0,00258	
17,62	-0,1982	71,07	658,49	0,00255	
17,64	-0,1974	70,88	659,35	0,00260	
17,66	-0,1965	70,82	660,27	0,00274	
17,68	-0,1958	68,86	661,10	0,00289	
17,70	-0,1950	67,92	661,96	0,00291	
17,72	-0,1940	66,71	662,93	0,00278	
17,74	-0,1932	65,60	663,77	0,00265	
17,76	-0,1924	66,19	664,61	0,00258	
17,78	-0,1915	65,02	665,60	0,00262	
17,80	-0,1907	63,01	666,48	0,00271	
17,82	-0,1898	62,85	667,33	0,00282	
17,84	-0,1889	61,66	668,29	0,00278	
17,86	-0,1880	59,59	669,15	0,00262	
17,88	-0,1871	58,79	670,01	0,00255	
17,90	-0,1861	57,30	670,92	0,00258	
17,92	-0,1852	55,91	671,74	0,00267	
17,94	-0,1843	55,82	672,63	0,00275	
17,96	-0,1833	54,06	673,64	0,00286	
17,98	-0,1823	53,02	674,50	0,00284	
18,00	-0,1814	53,41	675,35	0,00272	
18,02	-0,1803	52,73	676,26	0,00263	
18,04	-0,1794	52,15	677,08	0,00260	
18,06	-0,1784	52,62	677,97	0,00266	
18,08	-0,1774	51,83	678,91	0,00279	
18,10	-0,1764	51,08	679,77	0,00285	
18,12	-0,1753	51,32	680,66	0,00285	
18,14	-0,1742	50,01	681,60	0,00273	
18,16	-0,1733	49,47	682,46	0,00263	
18,18	-0,1723	49,61	683,32	0,00264	
18,20	-0,1713	48,72	684,24	0,00265	
18,22	-0,1703	48,13	685,12	0,00273	
18,24	-0,1693	47,76	685,96	0,00279	
18,26	-0,1682	46,41	686,86	0,00280	
18,28	-0,1671	44,55	687,80	0,00273	
18,30	-0,1661	44,28	688,67	0,00264	
18,32	-0,1650	44,24	689,54	0,00260	
18,34	-0,1639	43,02	690,48	0,00268	
18,36	-0,1629	42,62	691,35	0,00280	
18,38	-0,1618	42,96	692,21	0,00285	
18,40	-0,1607	42,39	693,13	0,00282	
18,42	-0,1596	41,72	693,98	0,00277	
18,44	-0,1584	41,79	694,83	0,00273	
18,46	-0,1573	41,35	695,78	0,00270	
18,48	-0,1562	40,64	696,69	0,00268	
18,50	-0,1550	40,73	697,52	0,00277	
18,52	-0,1540	40,85	698,40	0,00284	
18,54	-0,1528	39,69	699,36	0,00284	
18,56	-0,1517	39,62	700,22	0,00275	
18,58	-0,1507	39,75	701,06	0,00262	
18,60	-0,1495	38,40	701,98	0,00259	
18,62	-0,1482	37,26	702,90	0,00266	
18,64	-0,1470	38,06	703,75	0,00276	
18,66	-0,1459	38,75	704,64	0,00281	
18,68	-0,1448	37,77	705,55	0,00279	
18,70	-0,1435	37,01	706,46	0,00270	
18,72	-0,1423	37,42	707,34	0,00263	
18,74	-0,1412	37,23	708,24	0,00263	
18,76	-0,1401	36,98	709,12	0,00268	
18,78	-0,1388	37,55	709,96	0,00271	
18,80	-0,1377	37,01	710,88	0,00275	
18,82	-0,1366	36,04	711,82	0,00281	
18,84	-0,1354	36,41	712,67	0,00279	
18,86	-0,1341	37,55	713,50	0,00274	
18,88	-0,1330	37,19	714,42	0,00270	
18,90	-0,1319	36,00	715,35	0,00272	
18,92	-0,1308	35,45	716,20	0,00280	
18,94	-0,1297	34,59	717,07	0,00290	
18,96	-0,1286	33,62	717,98	0,00294	
18,98	-0,1274	33,92	718,86	0,00285	
19,00	-0,1261	34,09	719,75	0,00270	
19,02	-0,1250	32,93	720,64	0,00263	
19,04	-0,1239	31,93	721,50	0,00266	
19,06	-0,1227	31,74	722,37	0,00273	
19,08	-0,1213	30,76	723,29	0,00278	
19,10	-0,1201	29,92	724,21	0,00278	
19,12	-0,1191	30,43	725,05	0,00275	
19,14	-0,1179	31,27	725,94	0,00269	
19,16	-0,1166	31,02	726,93	0,00262	
19,18	-0,1153	32,21	727,84	0,00269	
19,20	-0,1142	34,24	728,69	0,00284	
19,22	-0,1131	35,22	729,61	0,00287	
19,24	-0,1119	36,37	730,53	0,00277	
19,26	-0,1106	39,30	731,40	0,00266	
19,28	-0,1095	42,32	732,25	0,00256	
19,30	-0,1084	44,21	733,13	0,00255	
19,32	-0,1072	45,83	734,04	0,00263	
19,34	-0,1061	48,01	734,94	0,00276	
19,36	-0,1051	51,42	735,83	0,00280	
19,38	-0,1041	53,55	736,79	0,00274	
19,40	-0,1031	55,26	737,60	0,00270	
19,42	-0,1022	58,61	738,35	0,00270	
19,44	-0,1012	60,01	739,42	0,00271	
19,46	-0,1002	59,76	740,47	0,00275	
19,48	-0,09927	62,05	741,27	0,00272	
19,50	-0,09838	63,18	742,12	0,00273	
19,52	-0,09753	63,07	742,87	0,00272	
19,54	-0,09661	64,89	743,70	0,00272	
19,56	-0,09564	65,65	744,85	0,00267	
19,58	-0,09481	65,06	745,83	0,00265	
19,60	-0,09388	66,57	746,61	0,00270	
19,62	-0,09299	67,60	747,44	0,00275	
19,64	-0,09217	67,88	748,19	0,00278	
19,66	-0,09122	69,98	749,06	0,00284	
19,68	-0,09025	70,00	750,18	0,00278	
19,70	-0,08952	69,45	751,05	0,00268	
19,72	-0,08874	70,21	751,88	0,00265	
19,74	-0,08786	68,86	752,83	0,00270	
19,76	-0,08701	69,37	753,53	0,00283	
19,78	-0,08612	72,42	754,40	0,00291	
19,80	-0,08517	70,86	755,70	0,00286	
19,82	-0,08437	68,87	756,68	0,00273	
19,84	-0,08365	70,54	757,28	0,00261	
19,86	-0,08277	70,06	758,06	0,00262	
19,88	-0,08173	67,02	759,01	0,00270	
19,90	-0,08091	68,77	759,74	0,00274	
19,92	-0,08026	71,45	760,52	0,00281	
19,94	-0,07936	68,37	761,81	0,00288	
19,96	-0,07851	66,38	762,94	0,00280	
19,98	-0,07772	68,47	763,63	0,00275	
20,00	-0,07692	68,63	764,37	0,00268	
20,02	-0,07610	66,22	765,24	0,00268	
20,04	-0,07528	66,00	766,06	0,00279	
20,06	-0,07453	66,78	766,92	0,00288	
20,08	-0,07377	64,41	767,89	0,00287	
20,10	-0,07298	63,51	768,66	0,00265	
20,12	-0,07217	65,46	769,38	0,00251	
20,14	-0,07123	64,46	770,54	0,00248	
20,16	-0,07040	62,59	771,67	0,00262	
20,18	-0,06965	64,23	772,43	0,00281	
20,20	-0,06881	63,90	773,29	0,00282	
20,22	-0,06801	62,66	774,03	0,00277	
20,24	-0,06729	64,64	774,70	0,00273	
20,26	-0,06641	64,37	775,99	0,00261	
20,28	-0,06552	60,26	777,30	0,00257	
20,30	-0,06481	59,71	777,90	0,00265	
20,32	-0,06409	61,45	778,31	0,00271	
20,34	-0,06316	59,45	779,35	0,00278	
20,36	-0,06213	56,53	780,74	0,00286	
20,38	-0,06144	59,26	781,58	0,00278	
20,40	-0,06069	60,50	782,20	0,00269	
20,42	-0,05978	58,41	783,01	0,00267	
20,44	-0,05889	57,81	783,86	0,00269	
20,46	-0,05810	59,63	784,72	0,00282	
20,48	-0,05727	59,75	785,58	0,00282	
20,50	-0,05645	58,76	786,47	0,00272	
20,52	-0,05569	59,11	787,39	0,00260	
20,54	-0,05485	59,28	788,31	0,00257	
20,56	-0,05405	58,70	789,20	0,00267	
20,58	-0,05323	58,08	790,10	0,00273	
20,60	-0,05240	57,78	790,95	0,00279	
20,62	-0,05163	57,84	791,83	0,00288	
20,64	-0,05076	57,15	792,76	0,00284	
20,66	-0,05001	57,60	793,45	0,00273	
20,68	-0,04929	59,58	794,18	0,00265	
20,70	-0,04835	58,50	795,58	0,00265	
20,72	-0,04753	56,62	796,87	0,00275	
20,74	-0,04680	59,04	797,44	0,00289	
20,76	-0,04603	60,93	798,04	0,00292	
20,78	-0,04511	58,67	799,06	0,00282	
20,80	-0,04428	59,12	799,76	0,00268	
20,82	-0,04367	63,79	800,12	0,00263	
20,84	-0,04296	64,31	801,21	0,00257	
20,86	-0,04198	60,47	803,02	0,00262	
20,88	-0,04114	60,37	804,11	0,00278	
20,90	-0,04066	65,85	804,16	0,00287	
20,92	-0,03993	67,68	804,67	0,00277	
20,94	-0,03880	63,85	806,32	0,00264	
20,96	-0,03782	62,09	807,83	0,00262	
20,98	-0,03739	66,64	808,10	0,00273	
21,00	-0,03697	69,57	808,19	0,00281	
21,02	-0,03612	65,99	809,42	0,00280	
21,04	-0,03516	62,33	811,26	0,00277	
21,06	-0,03462	64,14	812,11	0,00274	
21,08	-0,03429	67,27	812,13	0,00263	
21,10	-0,03365	64,86	812,93	0,00255	
21,12	-0,03278	60,66	814,62	0,00253	
21,14	-0,03217	62,25	815,66	0,00262	
21,16	-0,03188	67,40	815,65	0,00276	
21,18	-0,03151	66,75	815,98	0,00279	
21,20	-0,03087	62,58	817,59	0,00270	
21,22	-0,03006	60,88	819,49	0,00264	
21,24	-0,02961	64,13	820,16	0,00266	
21,26	-0,02943	66,88	820,25	0,00266	
21,28	-0,02886	63,27	821,35	0,00276	
21,30	-0,02818	59,59	822,88	0,00290	
21,32	-0,02779	63,19	823,47	0,00286	
21,34	-0,02755	66,77	823,67	0,00274	
21,36	-0,02709	62,91	824,72	0,00261	
21,38	-0,02641	58,76	826,23	0,00252	
21,40	-0,02613	62,72	827,05	0,00265	
21,42	-0,02577	64,65	827,72	0,00286	
21,44	-0,02531	62,44	828,38	0,00289	
21,46	-0,02497	64,02	828,85	0,00281	
21,48	-0,02449	66,63	829,97	0,00269	
21,50	-0,02399	63,58	831,61	0,00262	
21,52	-0,02373	61,95	832,48	0,00264	
21,54	-0,02342	63,69	832,86	0,00268	
21,56	-0,02290	62,48	833,67	0,00281	
21,58	-0,02236	60,71	834,60	0,00288	
21,60	-0,02212	64,50	835,04	0,00279	
21,62	-0,02183	66,83	835,83	0,00263	
21,64	-0,02126	62,72	837,61	0,00257	
21,66	-0,02074	58,76	839,02	0,00270	
21,68	-0,02058	62,35	839,12	0,00286	
21,70	-0,02035	66,31	839,16	0,00290	
21,72	-0,01983	64,56	840,53	0,00284	
21,74	-0,01917	60,25	842,59	0,00272	
21,76	-0,01878	60,51	843,58	0,00265	
21,78	-0,01869	63,48	843,59	0,00264	
21,80	-0,01829	60,71	844,41	0,00266	
21,82	-0,01764	55,92	846,00	0,00275	
21,84	-0,01739	58,14	846,83	0,00286	
21,86	-0,01715	61,14	847,14	0,00289	
21,88	-0,01665	57,23	847,94	0,00281	
21,90	-0,01615	52,96	848,86	0,00266	
21,92	-0,01592	56,41	849,24	0,00262	
21,94	-0,01547	58,89	849,75	0,00270	
21,96	-0,01493	57,22	850,29	0,00285	
21,98	-0,01468	60,43	850,12	0,00294	
22,00	-0,01448	68,46	849,74	0,00292	
22,02	-0,01405	70,54	849,88	0,00280	
22,04	-0,01368	72,39	849,88	0,00274	
22,06	-0,01352	78,91	849,64	0,00272	
22,08	-0,01317	79,86	849,82	0,00277	
22,10	-0,01280	77,81	849,91	0,00283	
22,12	-0,01263	82,27	849,64	0,00293	
22,14	-0,01219	85,27	849,77	0,00296	
22,16	-0,01187	83,15	849,98	0,00292	
22,18	-0,01173	86,46	849,74	0,00284	
22,20	-0,01142	90,41	849,72	0,00277	
22,22	-0,01105	88,63	849,95	0,00284	
22,24	-0,01085	90,34	849,76	0,00296	
22,26	-0,01070	94,90	849,66	0,00297	
22,28	-0,01038	93,03	849,97	0,00289	
22,30	-0,01012	92,51	849,93	0,00280	
22,32	-0,01005	97,64	849,67	0,00271	
22,34	-0,00973	97,46	849,87	0,00269	
22,36	-0,00940	95,32	849,92	0,00282	
22,38	-0,00933	99,76	849,64	0,00296	
22,40	-0,00896	101,24	849,81	0,00294	
22,42	-0,00862	98,02	850,01	0,00284	
22,44	-0,00863	100,56	849,75	0,00275	
22,46	-0,00833	103,38	849,73	0,00264	
22,48	-0,00794	100,04	849,94	0,00263	
22,50	-0,00791	101,34	849,74	0,00277	
22,52	-0,00769	105,49	849,70	0,00289	
22,54	-0,00727	103,35	850,02	0,00290	
22,56	-0,00720	102,64	849,93	0,00284	
22,58	-0,00704	106,32	849,69	0,00277	
22,60	-0,00663	104,75	849,90	0,00269	
22,62	-0,00652	102,75	849,90	0,00277	
22,64	-0,00662	106,66	849,65	0,00288	
22,66	-0,00625	106,16	849,83	0,00289	
22,68	-0,00592	102,60	849,90	0,00284	
22,70	-0,00597	106,08	849,63	0,00281	
22,72	-0,00576	107,67	849,79	0,00276	
22,74	-0,00538	104,02	849,99	0,00273	
22,76	-0,00535	106,18	849,73	0,00275	
22,78	-0,00516	109,58	849,72	0,00281	
22,80	-0,00471	106,61	850,00	0,00288	
22,82	-0,00462	107,18	849,85	0,00286	
22,84	-0,00460	110,55	849,68	0,00279	
22,86	-0,00421	108,01	849,91	0,00267	
22,88	-0,00398	106,84	849,84	0,00267	
22,90	-0,00397	111,18	849,63	0,00275	
22,92	-0,00380	109,57	849,87	0,00287	
22,94	-0,00355	106,19	849,91	0,00303	
22,96	-0,00342	109,33	849,64	0,00299	
22,98	-0,00321	109,67	849,81	0,00279	
23,00	-0,00299	106,31	849,99	0,00271	
23,02	-0,00287	108,97	849,73	0,00271	
23,04	-0,00263	111,78	849,76	0,00274	
23,06	-0,00243	108,51	849,98	0,00284	
23,08	-0,00231	109,81	849,76	0,00290	
23,10	-0,00203	113,36	849,69	0,00284	
23,12	-0,00178	110,36	849,96	0,00273	
23,14	-0,00172	108,80	849,84	0,00274	
23,16	-0,00152	112,55	849,64	0,00277	
23,18	-0,00117	110,85	849,92	0,00282	
23,20	-0,00111	108,08	849,98	0,00291	
23,22	-0,00117	112,28	849,67	0,00295	
23,24	-0,00078	112,69	849,79	0,00295	
23,26	-0,00049	109,12	849,94	0,00287	
23,28	-0,00060	111,45	849,68	0,00282	
23,30	-0,00043	113,09	849,76	0,00277	
23,32	0,000	109,54	850,02	0,00279	
23,34	0,00010	110,37	849,81	0,00292	
23,36	0,00011	113,61	849,68	0,00289	
23,38	0,00036	110,60	849,90	0,00276	
23,40	0,00061	109,58	849,78	0,00273	
23,42	0,00071	113,12	849,64	0,00272	
23,44	0,00092	111,53	849,95	0,00272	
23,46	0,00114	109,51	849,97	0,00282	
23,48	0,00129	113,34	849,69	0,00291	
23,50	0,00153	112,91	849,81	0,00296	
23,52	0,00163	109,31	849,83	0,00293	
23,54	0,00170	112,49	849,59	0,00276	
23,56	0,00212	113,46	849,83	0,00266	
23,58	0,00236	110,06	850,06	0,00273	
23,60	0,00219	111,90	849,79	0,00282	
23,62	0,00225	113,85	849,73	0,00290	
23,64	0,00260	110,16	849,86	0,00295	
23,66	0,00267	111,28	849,65	0,00288	
23,68	0,00278	113,99	849,70	0,00274	
23,70	0,00300	110,67	849,99	0,00271	
23,72	0,00317	109,64	849,82	0,00278	
23,74	0,00331	112,58	849,65	0,00284	
23,76	0,00358	110,59	849,94	0,00291	
23,78	0,00368	108,98	849,93	0,00296	
23,80	0,00382	113,17	849,65	0,00288	
23,82	0,00416	112,24	849,85	0,00277	
23,84	0,00429	109,15	849,96	0,00271	
23,86	0,00411	112,59	849,69	0,00278	
23,88	0,00441	113,20	849,77	0,00290	
23,90	0,00481	109,30	849,95	0,00300	
23,92	0,00479	111,03	849,71	0,00296	
23,94	0,00485	113,62	849,71	0,00286	
23,96	0,00523	110,07	849,98	0,00278	
23,98	0,00541	110,35	849,82	0,00274	
24,00	0,00545	113,75	849,66	0,00269	
24,02	0,00563	111,29	849,93	0,00274	
24,04	0,00583	109,96	849,90	0,00289	
24,06	0,00597	114,59	849,66	0,00293	
24,08	0,00621	113,78	849,85	0,00288	
24,10	0,00628	110,09	849,90	0,00275	
24,12	0,00635	113,34	849,64	0,00270	
24,14	0,00675	113,86	849,82	0,00273	
24,16	0,00696	110,07	850,00	0,00285	
24,18	0,00681	112,35	849,71	0,00288	
24,20	0,00688	115,17	849,74	0,00276	
24,22	0,00724	111,43	849,99	0,00274	
24,24	0,00740	111,77	849,79	0,00274	
24,26	0,00750	115,09	849,70	0,00263	
24,28	0,00768	112,07	849,95	0,00254	
24,30	0,00785	110,83	849,84	0,00265	
24,32	0,00803	114,63	849,64	0,00274	
24,34	0,00829	112,53	849,88	0,00269	
24,36	0,00832	110,43	849,87	0,00264	
24,38	0,00840	115,07	849,63	0,00254	
24,40	0,00878	114,49	849,87	0,00244	
24,42	0,00897	110,31	850,01	0,00252	
24,44	0,00882	113,41	849,73	0,00277	
24,46	0,00889	114,74	849,75	0,00276	
24,48	0,00923	110,82	849,88	0,00267	
24,50	0,00936	112,57	849,65	0,00262	
24,52	0,00951	115,18	849,72	0,00249	
24,54	0,00967	111,23	850,02	0,00246	
24,56	0,00981	110,92	849,84	0,00261	
24,58	0,01003	114,58	849,67	0,00262	
24,60	0,01029	111,99	849,90	0,00260	
24,62	0,01023	110,31	849,83	0,00261	
24,64	0,01013	114,48	849,63	0,00249	
24,66	0,01052	112,99	849,89	0,00225	
24,68	0,01082	109,98	849,94	0,00227	
24,70	0,01079	113,97	849,66	0,00236	
24,72	0,01094	114,37	849,81	0,00230	
24,74	0,01127	110,44	849,95	0,00238	
24,76	0,01137	113,11	849,68	0,00239	
24,78	0,01153	115,21	849,77	0,00207	
24,80	0,01169	111,32	850,03	0,00190	
24,82	0,01182	112,08	849,81	0,00199	
24,84	0,01207	114,53	849,67	0,00202	
24,86	0,01233	110,81	849,90	0,00198	
24,88	0,01230	110,01	849,79	0,00218	
24,90	0,01224	114,50	849,63	0,00220	
24,92	0,01261	112,67	849,92	0,00189	
24,94	0,01287	110,43	849,94	0,00177	
24,96	0,01285	114,38	849,67	0,00182	
24,98	0,01302	114,44	849,82	0,00176	
25,00	0,01331	111,04	849,90	0,00168	
25,02	0,01341	113,91	849,64	0,00189	
25,04	0,01361	114,84	849,79	0,00161	
25,06	0,01373	110,78	849,98	0,000	
25,08	0,01381	112,42	849,71	0,01478	
25,10	0,01411	115,34	849,71	0,01820	
25,12	0,01438	112,69	849,99	0,00890	
25,14	0,01428	113,11	849,83	0,00400	
25,16	0,01424	116,29	849,68	0,00309	
25,18	0,01462	113,56	849,88	0,00269	
25,20	0,01484	111,99	849,78	0,00202	
25,22	0,01485	115,85	849,63	0,00125	
25,24	0,01503	114,84	849,96	0,00102	
25,26	0,01528	112,32	850,02	0,00097	
25,28	0,01539	115,91	849,71	0,00065	
25,30	0,01560	116,13	849,78	0,00036	
25,32	0,01569	112,60	849,85	0,00034	
25,34	0,01556	114,73	849,60	0,00069	
25,36	0,01587	115,26	849,78	0,00147	
25,38	0,01624	111,64	850,02	0,00256	
25,40	0,01623	113,14	849,78	0,00358	
25,42	0,01625	115,61	849,71	0,00417	
25,44	0,01650	112,68	849,92	0,00440	
25,46	0,01670	113,55	849,75	0,00425	
25,48	0,01685	117,05	849,66	0,00371	
25,50	0,01704	113,95	849,99	0,00318	
25,52	0,01702	111,96	849,94	0,00269	
25,54	0,01713	115,74	849,69	0,00216	
25,56	0,01754	114,80	849,85	0,00165	
25,58	0,01768	112,29	849,87	0,00133	
25,60	0,01758	115,88	849,63	0,00088	
25,62	0,01770	116,06	849,82	0,00037	
25,64	0,01799	112,49	849,94	0,00034	
25,66	0,01812	114,69	849,66	0,00069	
25,68	0,01830	116,32	849,76	0,00117	
25,70	0,01844	112,99	850,00	0,00200	
25,72	0,01851	114,38	849,76	0,00285	
25,74	0,01878	117,40	849,71	0,00341	
25,76	0,01905	114,25	849,96	0,00384	
25,78	0,01898	114,20	849,80	0,00394	
25,80	0,01893	117,98	849,65	0,00370	
25,82	0,01931	115,29	849,92	0,00314	
25,84	0,01957	112,62	849,89	0,00285	
25,86	0,01956	116,44	849,62	0,00259	
25,88	0,01973	115,71	849,84	0,00238	
25,90	0,02004	112,46	849,99	0,00197	
25,92	0,02015	115,93	849,69	0,00157	
25,94	0,02031	117,50	849,76	0,00130	
25,96	0,02043	113,45	850,01	0,00106	
25,98	0,02032	114,42	849,79	0,00101	
26,00	0,02052	117,62	849,68	0,00111	
26,02	0,02095	114,27	849,94	0,00158	
26,04	0,02101	113,28	849,85	0,00193	
26,06	0,02093	117,76	849,64	0,00248	
26,08	0,02117	115,95	849,86	0,00320	
26,10	0,02147	112,91	849,87	0,00411	
26,12	0,02151	117,05	849,62	0,00451	
26,14	0,02170	117,19	849,88	0,00478	
26,16	0,02188	113,49	850,06	0,00485	
26,18	0,02203	116,67	849,76	0,00437	
26,20	0,02229	118,27	849,76	0,00400	
26,22	0,02245	114,24	849,92	0,00374	
26,24	0,02230	115,67	849,69	0,00349	
26,26	0,02232	118,48	849,69	0,00299	
26,28	0,02269	114,68	849,97	0,00269	
26,30	0,02289	114,20	849,82	0,00211	
26,32	0,02295	118,33	849,69	0,00160	
26,34	0,02313	116,22	849,95	0,00172	
26,36	0,02330	114,01	849,87	0,00237	
26,38	0,02347	117,87	849,64	0,00326	
26,40	0,02375	117,12	849,90	0,00418	
26,42	0,02379	114,56	849,98	0,00501	
26,44	0,02362	117,88	849,70	0,00527	
26,46	0,02381	117,87	849,77	0,00582	
26,48	0,02417	113,84	849,85	0,00653	
26,50	0,02423	116,23	849,60	0,00681	
26,52	0,02438	117,76	849,78	0,00665	
26,54	0,02458	114,09	850,05	0,00651	
26,56	0,02473	115,32	849,82	0,00616	
26,58	0,02491	118,76	849,69	0,00557	
26,60	0,02511	115,92	849,89	0,00534	
26,62	0,02504	115,61	849,75	0,00524	
26,64	0,02497	119,09	849,64	0,00487	
26,66	0,02534	116,81	849,99	0,00462	
26,68	0,02562	114,61	850,00	0,00471	
26,70	0,02561	118,73	849,70	0,00467	
26,72	0,02574	118,68	849,80	0,00447	
26,74	0,02589	115,87	849,84	0,00428	
26,76	0,02603	119,25	849,60	0,00431	
26,78	0,02633	119,56	849,81	0,00464	
26,80	0,02648	115,42	850,04	0,00549	
26,82	0,02634	117,10	849,78	0,00642	
26,84	0,02646	119,49	849,72	0,00707	
26,86	0,02687	116,36	849,88	0,00755	
26,88	0,02696	116,99	849,67	0,00780	
26,90	0,02702	120,16	849,69	0,00810	
26,92	0,02717	117,34	850,04	0,00825	
26,94	0,02732	116,07	849,93	0,00793	
26,96	0,02748	119,72	849,69	0,00763	
26,98	0,02775	118,48	849,92	0,00789	
27,00	0,02777	116,22	849,92	0,00769	
27,02	0,02761	120,04	849,66	0,00693	
27,04	0,02784	119,89	849,84	0,00645	
27,06	0,02821	116,08	849,96	0,00657	
27,08	0,02825	119,22	849,67	0,00668	
27,10	0,02838	121,33	849,77	0,00680	
27,12	0,02853	117,24	850,03	0,00743	
27,14	0,02862	117,92	849,81	0,00806	
27,16	0,02889	120,94	849,71	0,00835	
27,18	0,02915	117,82	849,90	0,00852	
27,20	0,02906	117,59	849,74	0,00868	
27,22	0,02899	121,13	849,65	0,00873	
27,24	0,02924	118,05	849,96	0,00878	
27,26	0,02951	116,16	849,91	0,00884	
27,28	0,02960	119,64	849,66	0,00873	
27,30	0,02977	118,46	849,85	0,00859	
27,32	0,02989	116,17	849,88	0,00857	
27,34	0,03006	120,01	849,63	0,00858	
27,36	0,03040	119,96	849,81	0,00866	
27,38	0,03054	116,00	849,95	0,00877	
27,40	0,03038	118,34	849,69	0,00880	
27,42	0,03044	120,54	849,76	0,00861	
27,44	0,03078	116,87	850,02	0,00850	
27,46	0,03095	117,59	849,81	0,00852	
27,48	0,03103	120,87	849,68	0,00851	
27,50	0,03119	117,76	849,97	0,00856	
27,52	0,03115	116,80	849,89	0,00866	
27,54	0,03128	120,25	849,67	0,00867	
27,56	0,03168	118,62	849,86	0,00856	
27,58	0,03180	116,15	849,84	0,00848	
27,60	0,03167	119,84	849,62	0,00839	
27,62	0,03181	119,17	849,88	0,00848	
27,64	0,03208	115,97	850,01	0,00858	
27,66	0,03221	119,18	849,73	0,00860	
27,68	0,03241	119,61	849,78	0,00855	
27,70	0,03252	115,43	849,87	0,00851	
27,72	0,03238	117,05	849,62	0,00840	
27,74	0,03267	119,22	849,77	0,00830	
27,76	0,03306	116,23	850,06	0,00839	
27,78	0,03305	116,95	849,84	0,00843	
27,80	0,03304	119,84	849,71	0,00847	
27,82	0,03328	116,85	849,91	0,00848	
27,84	0,03351	116,92	849,76	0,00834	
27,86	0,03364	120,49	849,63	0,00818	
27,88	0,03383	118,13	849,96	0,00820	
27,90	0,03383	115,72	849,98	0,00832	
27,92	0,03371	119,64	849,69	0,00841	
27,94	0,03406	119,12	849,84	0,00848	
27,96	0,03439	115,91	849,91	0,00845	
27,98	0,03435	119,12	849,64	0,00824	
28,00	0,03446	119,55	849,81	0,00814	
28,02	0,03465	115,44	850,02	0,00821	
28,04	0,03481	117,10	849,75	0,00831	
28,06	0,03504	119,58	849,70	0,00833	
28,08	0,03524	116,29	849,96	0,00836	
28,10	0,03514	116,67	849,82	0,00832	
28,12	0,03518	120,25	849,67	0,00812	
28,14	0,03561	117,48	849,87	0,00806	
28,16	0,03577	115,98	849,78	0,00809	
28,18	0,03571	119,51	849,63	0,00806	
28,20	0,03588	118,29	849,98	0,00814	
28,22	0,03612	115,53	850,04	0,00824	
28,24	0,03624	118,92	849,73	0,00816	
28,26	0,03647	118,73	849,83	0,00803	
28,28	0,03657	115,20	849,90	0,00795	
28,30	0,03652	117,45	849,66	0,00786	
28,32	0,03690	118,38	849,78	0,00788	
28,34	0,03719	115,09	849,93	0,00801	
28,36	0,03709	117,05	849,69	0,00812	
28,38	0,03715	119,38	849,74	0,00805	
28,40	0,03747	116,36	849,91	0,00797	
28,42	0,03761	117,04	849,68	0,00790	
28,44	0,03775	119,75	849,70	0,00780	
28,46	0,03791	116,63	850,04	0,00790	
28,48	0,03793	115,64	849,91	0,00805	
28,50	0,03812	118,96	849,69	0,00798	
28,52	0,03847	116,39	849,93	0,00791	
28,54	0,03852	113,81	849,93	0,00783	
28,56	0,03838	117,81	849,66	0,00774	
28,58	0,03862	117,85	849,81	0,00775	
28,60	0,03898	114,81	849,88	0,00788	
28,62	0,03902	117,45	849,62	0,00792	
28,64	0,03916	118,41	849,79	0,00791	
28,66	0,03937	114,26	850,05	0,00786	
28,68	0,03952	115,57	849,80	0,00779	
28,70	0,03973	118,57	849,76	0,00770	
28,72	0,03993	115,45	849,97	0,00777	
28,74	0,03992	115,74	849,77	0,00788	
28,76	0,04019	118,77	849,68	0,00786	
28,78	0,04053	116,14	849,94	0,00783	
28,80	0,04051	114,79	849,83	0,00779	
28,82	0,04042	118,24	849,66	0,00762	
28,84	0,04066	116,23	849,94	0,00759	
28,86	0,04094	113,83	849,93	0,00769	
28,88	0,04102	118,24	849,66	0,00778	
28,90	0,04120	118,06	849,85	0,00781	
28,92	0,04135	113,73	849,96	0,00783	
28,94	0,04147	116,45	849,68	0,00774	
28,96	0,04176	118,10	849,79	0,00754	
28,98	0,04193	114,21	850,01	0,00744	
29,00	0,04189	115,49	849,76	0,00746	
29,02	0,04219	118,57	849,71	0,00755	
29,04	0,04254	115,42	849,97	0,00765	
29,06	0,04251	115,54	849,81	0,00764	
29,08	0,04246	119,31	849,65	0,00755	
29,10	0,04283	116,66	849,96	0,00747	
29,12	0,04310	113,87	849,96	0,00746	
29,14	0,04307	117,73	849,67	0,00746	
29,16	0,04322	117,24	849,84	0,00748	
29,18	0,04350	113,63	849,95	0,00754	
29,20	0,04363	117,11	849,67	0,00753	
29,22	0,04383	118,65	849,80	0,00741	
29,24	0,04398	115,64	850,01	0,00735	
29,26	0,04405	117,77	849,77	0,00724	
29,28	0,04437	119,87	849,77	0,00715	
29,30	0,04461	116,47	849,95	0,00725	
29,32	0,04449	116,79	849,73	0,00734	
29,34	0,04450	119,50	849,73	0,00734	
29,36	0,04484	116,52	850,02	0,00737	
29,38	0,04504	116,06	849,86	0,00733	
29,40	0,04512	119,55	849,70	0,00715	
29,42	0,04529	117,30	849,92	0,00716	
29,44	0,04546	115,99	849,83	0,00731	
29,46	0,04566	119,50	849,64	0,00732	
29,48	0,04592	118,34	849,88	0,00727	
29,50	0,04594	115,58	849,90	0,00721	
29,52	0,04590	118,85	849,65	0,00706	
29,54	0,04632	118,66	849,85	0,00699	
29,56	0,04659	115,70	849,97	0,00707	
29,58	0,04648	118,99	849,69	0,00716	
29,60	0,04657	120,04	849,79	0,00711	
29,62	0,04688	116,64	849,98	0,00709	
29,64	0,04702	118,11	849,74	0,00706	
29,66	0,04719	119,88	849,73	0,00702	
29,68	0,04735	116,41	849,91	0,00700	
29,70	0,04744	116,72	849,70	0,00707	
29,72	0,04771	120,02	849,69	0,00707	
29,74	0,04799	117,51	850,01	0,00712	
29,76	0,04792	117,24	849,89	0,00715	
29,78	0,04785	121,14	849,70	0,00699	
29,80	0,04821	118,93	849,88	0,00685	
29,82	0,04846	116,80	849,79	0,00683	
29,84	0,04848	120,79	849,63	0,00684	
29,86	0,04736	119,77	849,97	0,00693	
29,88	0,03181	116,06	850,05	0,00709	
29,90	0,01188	118,94	849,73	0,00704	
29,92	0,00314	119,43	849,79	0,00685	
29,94	0,00199	115,91	849,89	0,00673	
29,96	0,00236	118,85	849,63	0,00671	
29,98	0,00277	121,09	849,78	0,00677	
30,00	0,00299	117,11	850,07	0,00687	
30,02	0,00292	117,55	849,85	0,00688	
30,04	0,00293	120,75	849,72	0,00675	
30,06	0,00328	117,79	849,93	0,00666	
30,08	0,00338	117,34	849,78	0,00664	
30,10	0,00335	121,19	849,65	0,00648	
30,12	0,00358	119,06	849,96	0,00625	
30,14	0,00383	117,53	849,93	0,00599	
30,16	0,00423	123,76	849,67	0,00541	
30,18	0,00512	128,23	849,86	0,00454	
30,20	0,00624	133,48	849,92	0,00350	
30,22	0,00750	148,26	849,65	0,00244	
30,24	0,00949	162,56	849,83	0,00136	
30,26	0,01185	175,70	850,01	0,00028	
30,28	0,01446	197,89	849,74	-0,00081	
30,30	0,01760	222,04	849,75	-0,00204	
30,32	0,02110	243,30	849,93	-0,00352	
30,34	0,02483	272,11	849,71	-0,00521	
30,36	0,02921	304,20	849,70	-0,00700	
30,38	0,03400	331,35	850,02	-0,00886	
30,40	0,03888	362,52	849,89	-0,01076	
30,42	0,04427	398,78	849,67	-0,01286	
30,44	0,05040	429,58	849,91	-0,01513	
30,46	0,05681	461,30	849,90	-0,01765	
30,48	0,06336	498,99	849,65	-0,02044	
30,50	0,07054	530,29	849,89	-0,02336	
30,52	0,07802	557,37	850,00	-0,02624	
30,54	0,08576	589,50	849,71	-0,02926	
30,56	0,09416	617,57	849,79	-0,03268	
30,58	0,1029	639,17	849,95	-0,03640	
30,60	0,1118	664,27	849,69	-0,04043	
30,62	0,1214	687,18	849,76	-0,04483	
30,64	0,1314	703,18	850,04	-0,04928	
30,66	0,1417	721,89	849,83	-0,05378	
30,68	0,1524	740,64	849,73	-0,05872	
30,70	0,1635	751,40	850,00	-0,06394	
30,72	0,1748	762,91	849,87	-0,06944	
30,74	0,1865	778,08	849,68	-0,07541	
30,76	0,1989	786,45	849,98	-0,08155	
30,78	0,2116	793,35	850,00	-0,08782	
30,80	0,2246	805,38	849,70	-0,09446	
30,82	0,2382	812,05	849,87	-0,1013	
30,84	0,2521	814,79	849,96	-0,1081	
30,86	0,2662	823,88	849,69	-0,1155	
30,88	0,2811	830,86	849,82	-0,1233	
30,90	0,2963	832,74	849,94	-0,1311	
30,92	0,3116	839,66	849,68	-0,1390	
30,94	0,3275	846,21	849,77	-0,1471	
30,96	0,3440	847,78	850,00	-0,1553	
30,98	0,3605	853,93	849,77	-0,1639	
31,00	0,3775	861,05	849,71	-0,1727	
31,02	0,3951	861,42	849,95	-0,1816	
31,04	0,4128	865,70	849,79	-0,1907	
31,06	0,4311	873,99	849,69	-0,1999	
31,08	0,4500	875,12	849,96	-0,2091	
31,10	0,4691	878,09	849,88	-0,2182	
31,12	0,4884	885,98	849,67	-0,2275	
31,14	0,5083	887,62	849,92	-0,2368	
31,16	0,5282	888,26	849,95	-0,2459	
31,18	0,5478	895,53	849,66	-0,2551	
31,20	0,5679	897,57	849,85	-0,2642	
31,22	0,5881	895,33	850,04	-0,2730	
31,24	0,6080	900,50	849,77	-0,2819	
31,26	0,6281	904,96	849,81	-0,2907	
31,28	0,6481	902,94	850,06	-0,2995	
31,30	0,6679	905,84	849,84	-0,3083	
31,32	0,6880	911,32	849,75	-0,3171	
31,34	0,7081	909,44	849,99	-0,3257	
31,36	0,7279	909,87	849,84	-0,3342	
31,38	0,7478	914,87	849,70	-0,3427	
31,40	0,7680	914,46	849,95	-0,3513	
31,42	0,7881	915,03	849,85	-0,3599	
31,44	0,8081	920,24	849,65	-0,3686	
31,46	0,8280	919,44	849,94	-0,3771	
31,48	0,8480	918,40	849,96	-0,3852	
31,50	0,8679	923,39	849,70	-0,3936	
31,52	0,8882	923,96	849,88	-0,4019	
31,54	0,9081	921,52	849,97	-0,4103	
31,56	0,9279	926,04	849,69	-0,4185	
31,58	0,9479	928,31	849,83	-0,4267	
31,60	0,9682	925,68	850,04	-0,4348	
31,62	0,9881	929,40	849,78	-0,4429	
31,64	1,008	933,04	849,77	-0,4509	
31,66	1,028	930,26	849,92	-0,4590	
31,68	1,048	932,23	849,70	-0,4671	
31,70	1,068	935,24	849,77	-0,4752	
31,72	1,088	932,93	850,06	-0,4831	
31,74	1,108	934,69	849,85	-0,4909	
31,76	1,128	939,28	849,72	-0,4988	
31,78	1,148	937,14	849,98	-0,5067	
31,80	1,168	937,01	849,88	-0,5147	
31,82	1,188	941,69	849,72	-0,5226	
31,84	1,208	940,11	849,95	-0,5305	
31,86	1,228	939,09	849,87	-0,5382	
31,88	1,248	944,01	849,68	-0,5458	
31,90	1,268	943,57	849,96	-0,5536	
31,92	1,288	941,51	849,99	-0,5613	
31,94	1,308	946,25	849,70	-0,5691	
31,96	1,328	946,87	849,89	-0,5769	
31,98	1,348	944,10	850,02	-0,5845	
32,00	1,368	948,23	849,71	-0,5922	
32,02	1,388	949,84	849,80	-0,5998	
32,04	1,408	945,84	850,06	-0,6073	
32,06	1,428	948,22	849,84	-0,6149	
32,08	1,448	951,94	849,74	-0,6226	
32,10	1,468	949,37	849,90	-0,6302	
32,12	1,488	949,62	849,70	-0,6377	
32,14	1,508	952,98	849,70	-0,6453	
32,16	1,528	950,49	850,10	-0,6527	
32,18	1,548	949,87	850,02	-0,6601	
32,20	1,568	954,69	849,76	-0,6675	
32,22	1,588	953,89	849,93	-0,6750	
32,24	1,608	952,77	849,88	-0,6826	
32,26	1,628	957,57	849,69	-0,6901	
32,28	1,648	957,05	849,98	-0,6975	
32,30	1,668	954,40	850,03	-0,7047	
32,32	1,688	958,04	849,74	-0,7121	
32,34	1,708	958,38	849,90	-0,7195	
32,36	1,728	955,33	849,98	-0,7269	
32,38	1,748	958,70	849,71	-0,7343	
32,40	1,768	960,26	849,87	-0,7416	
32,42	1,788	957,28	850,03	-0,7488	
32,44	1,808	959,27	849,75	-0,7560	
32,46	1,828	961,09	849,82	-0,7633	
32,48	1,848	958,03	850,06	-0,7707	
32,50	1,868	959,71	849,81	-0,7780	
32,52	1,888	963,18	849,78	-0,7853	
32,54	1,908	960,62	850,06	-0,7925	
32,56	1,928	961,71	849,89	-0,7996	
32,58	1,948	965,80	849,73	-0,8068	
32,60	1,968	963,18	849,97	-0,8140	
32,62	1,988	961,76	849,87	-0,8212	
32,64	2,008	965,02	849,70	-0,8284	
32,66	2,028	963,19	850,04	-0,8356	
32,68	2,048	961,12	850,06	-0,8426	
32,70	2,068	965,46	849,75	-0,8497	
32,72	2,088	965,53	849,95	-0,8568	
32,74	2,108	962,70	850,04	-0,8639	
32,76	2,128	967,06	849,75	-0,8710	
32,78	2,148	967,84	849,92	-0,8781	
32,80	2,168	963,12	850,12	-0,8851	
32,82	2,188	965,16	849,83	-0,8921	
32,84	2,208	967,72	849,91	-0,8991	
32,86	2,228	964,95	850,14	-0,9062	
32,88	2,248	966,51	849,88	-0,9132	
32,90	2,268	969,90	849,80	-0,9202	
32,92	2,288	966,85	850,05	-0,9272	
32,94	2,308	966,38	849,87	-0,9341	
32,96	2,328	969,70	849,75	-0,9410	
32,98	2,348	967,32	850,02	-0,9480	
33,00	2,368	966,09	849,89	-0,9549	
33,02	2,388	970,07	849,72	-0,9620	
33,04	2,408	967,89	850,11	-0,9690	
33,06	2,428	965,59	850,16	-0,9758	
33,08	2,448	970,27	849,80	-0,9826	
33,10	2,468	970,57	849,95	-0,9894	
33,12	2,488	966,88	850,11	-0,9962	
33,14	2,508	970,61	849,80	-1,003	
33,16	2,528	972,43	849,83	-1,010	
33,18	2,548	967,88	850,07	-1,017	
33,20	2,568	969,01	849,85	-1,024	
33,22	2,588	972,10	849,82	-1,030	
33,24	2,608	969,47	850,02	-1,037	
33,26	2,628	969,61	849,80	-1,044	
33,28	2,648	972,54	849,77	-1,051	
33,30	2,668	969,81	850,09	-1,058	
33,32	2,688	968,84	849,94	-1,064	
33,34	2,708	972,58	849,73	-1,071	
33,36	2,728	970,57	850,09	-1,078	
33,38	2,748	968,69	850,12	-1,085	
33,40	2,768	973,44	849,78	-1,091	
33,42	2,788	973,14	849,99	-1,098	
33,44	2,808	969,08	850,16	-1,105	
33,46	2,828	971,77	849,82	-1,111	
33,48	2,848	973,36	849,88	-1,118	
33,50	2,868	969,17	850,14	-1,125	
33,52	2,888	969,93	849,89	-1,131	
33,54	2,908	973,28	849,82	-1,138	
33,56	2,928	970,26	850,13	-1,145	
33,58	2,948	969,66	849,98	-1,151	
33,60	2,968	973,17	849,79	-1,158	
33,62	2,988	970,77	850,04	-1,164	
33,64	3,008	969,34	849,96	-1,171	
33,66	3,028	973,79	849,76	-1,177	
33,68	3,048	972,77	850,00	-1,184	
33,70	3,068	970,17	849,97	-1,191	
33,72	3,088	972,66	849,76	-1,197	
33,74	3,108	971,56	850,06	-1,204	
33,76	3,128	969,15	850,10	-1,210	
33,78	3,148	972,32	849,77	-1,217	
33,80	3,168	972,12	849,92	-1,223	
33,82	3,188	968,76	850,04	-1,230	
33,84	3,208	972,01	849,75	-1,236	
33,86	3,228	973,38	849,89	-1,242	
33,88	3,248	969,36	850,09	-1,249	
33,90	3,268	970,95	849,79	-1,255	
33,92	3,288	973,61	849,82	-1,262	
33,94	3,308	970,11	850,13	-1,268	
33,96	3,328	970,26	849,94	-1,274	
33,98	3,348	973,33	849,79	-1,281	
34,00	3,368	970,16	850,07	-1,287	
34,02	3,388	968,92	849,97	-1,294	
34,04	3,408	972,54	849,77	-1,300	
34,06	3,428	970,56	850,02	-1,306	
34,08	3,448	968,10	849,95	-1,312	
34,10	3,468	971,49	849,73	-1,319	
34,12	3,488	970,51	850,07	-1,325	
34,14	3,508	967,69	850,17	-1,331	
34,16	3,528	971,31	849,82	-1,338	
34,18	3,548	971,83	849,98	-1,344	
34,20	3,568	968,19	850,19	-1,350	
34,22	3,588	970,17	849,87	-1,356	
34,24	3,608	972,44	849,85	-1,362	
34,26	3,628	968,27	850,14	-1,369	
34,28	3,648	968,50	849,93	-1,375	
34,30	3,668	972,40	849,80	-1,381	
34,32	3,688	968,85	850,12	-1,387	
34,34	3,708	966,18	850,02	-1,394	
34,36	3,728	970,39	849,76	-1,400	
34,38	3,748	969,27	850,09	-1,406	
34,40	3,768	965,75	850,16	-1,412	
34,42	3,788	969,18	849,79	-1,418	
34,44	3,808	969,82	850,00	-1,424	
34,46	3,828	965,72	850,30	-1,430	
34,48	3,848	967,66	849,97	-1,436	
34,50	3,868	971,00	849,86	-1,443	
34,52	3,888	967,36	850,21	-1,449	
34,54	3,908	966,21	850,08	-1,455	
34,56	3,928	969,87	849,80	-1,461	
34,58	3,948	967,09	850,11	-1,467	
34,60	3,968	963,68	850,15	-1,473	
34,62	3,988	967,74	849,78	-1,479	
34,64	4,008	966,93	850,05	-1,485	
34,66	4,028	961,88	850,35	-1,491	
34,68	4,048	963,91	850,00	-1,497	
34,70	4,068	967,44	849,90	-1,503	
34,72	4,088	963,25	850,32	-1,509	
34,74	4,108	962,49	850,23	-1,515	
34,76	4,128	967,17	849,83	-1,521	
34,78	4,148	964,67	850,11	-1,527	
34,80	4,168	960,54	850,30	-1,533	
34,82	4,188	964,46	849,90	-1,539	
34,84	4,208	965,97	849,95	-1,545	
34,86	4,228	960,35	850,40	-1,551	
34,88	4,248	960,11	850,24	-1,557	
34,90	4,268	965,24	849,83	-1,563	
34,92	4,288	962,67	850,28	-1,569	
34,94	4,308	957,81	850,64	-1,575	
34,96	4,328	961,14	850,22	-1,580	
34,98	4,348	964,83	849,90	-1,586	
35,00	4,368	959,98	850,49	-1,592	
35,02	4,388	958,23	850,76	-1,598	
35,04	4,408	962,45	850,23	-1,604	
35,06	4,428	964,57	849,92	-1,610	
35,08	4,448	959,48	850,58	-1,616	
35,10	4,468	957,69	850,87	-1,621	
35,12	4,488	960,51	850,32	-1,627	
35,14	4,508	962,05	849,91	-1,633	
35,16	4,528	957,44	850,65	-1,639	
35,18	4,548	955,58	851,14	-1,644	
35,20	4,568	958,48	850,69	-1,650	
35,22	4,588	961,02	849,95	-1,656	
35,24	4,608	957,77	850,28	-1,662	
35,26	4,628	955,02	850,93	-1,667	
35,28	4,648	957,23	850,73	-1,673	
35,30	4,668	959,21	850,01	-1,679	
35,32	4,688	956,95	850,19	-1,684	
35,34	4,708	952,19	850,95	-1,690	
35,36	4,728	953,48	850,90	-1,696	
35,38	4,748	956,98	850,17	-1,701	
35,40	4,768	957,02	850,05	-1,707	
35,42	4,788	951,31	850,99	-1,713	
35,44	4,808	951,20	851,33	-1,718	
35,46	4,828	953,67	850,75	-1,724	
35,48	4,848	955,28	849,97	-1,729	
35,50	4,868	952,67	850,33	-1,735	
35,52	4,888	950,95	851,06	-1,740	
35,54	4,908	952,52	850,91	-1,746	
35,56	4,928	954,48	850,13	-1,751	
35,58	4,948	953,65	850,10	-1,757	
35,60	4,968	948,50	851,08	-1,763	
35,62	4,988	948,47	851,39	-1,768	
35,64	5,008	950,50	850,77	-1,773	
35,66	5,028	951,89	849,96	-1,779	
35,68	5,048	950,00	850,29	-1,784	
35,70	5,068	948,20	851,10	-1,790	
35,72	5,088	949,26	851,02	-1,795	
35,74	5,108	949,86	850,25	-1,801	
35,76	5,128	948,63	849,99	-1,806	
35,78	5,148	944,56	850,95	-1,812	
35,80	5,168	944,48	851,46	-1,817	
35,82	5,188	946,48	850,95	-1,823	
35,84	5,208	948,17	850,08	-1,828	
35,86	5,228	947,15	850,18	-1,833	
35,88	5,248	944,86	851,12	-1,839	
35,90	5,268	945,36	851,28	-1,844	
35,92	5,288	945,40	850,58	-1,849	
35,94	5,308	945,38	849,95	-1,855	
35,96	5,328	942,32	850,54	-1,860	
35,98	5,348	941,65	851,14	-1,865	
36,00	5,368	943,16	850,80	-1,871	
36,02	5,388	944,87	850,02	-1,876	
36,04	5,408	943,22	850,23	-1,881	
36,06	5,428	940,04	851,04	-1,887	
36,08	5,448	941,36	851,02	-1,892	
36,10	5,468	943,82	850,27	-1,897	
36,12	5,488	944,10	849,98	-1,902	
36,14	5,508	939,53	850,83	-1,908	
36,16	5,528	939,39	851,23	-1,913	
36,18	5,548	941,42	850,69	-1,918	
36,20	5,568	942,43	849,94	-1,923	
36,22	5,588	939,72	850,52	-1,928	
36,24	5,608	937,47	851,52	-1,934	
36,26	5,628	938,55	851,49	-1,939	
36,28	5,648	938,65	850,68	-1,944	
36,30	5,668	938,75	849,92	-1,949	
36,32	5,688	937,13	850,45	-1,954	
36,34	5,708	936,45	851,26	-1,959	
36,36	5,728	937,08	851,10	-1,964	
36,38	5,748	937,96	850,27	-1,969	
36,40	5,768	937,60	850,02	-1,974	
36,42	5,788	933,93	850,98	-1,979	
36,44	5,808	933,92	851,44	-1,984	
36,46	5,828	934,72	850,91	-1,989	
36,48	5,848	935,42	850,05	-1,994	
36,50	5,868	933,88	850,23	-1,999	
36,52	5,888	931,56	851,18	-2,005	
36,54	5,908	932,55	851,30	-2,009	
36,56	5,928	933,95	850,57	-2,014	
36,58	5,948	934,93	849,92	-2,019	
36,60	5,968	931,19	850,64	-2,024	
36,62	5,988	929,45	851,42	-2,029	
36,64	6,008	930,66	851,17	-2,034	
36,66	6,028	931,54	850,31	-2,039	
36,68	6,048	931,43	850,00	-2,044	
36,70	6,068	929,24	850,90	-2,049	
36,72	6,088	929,19	851,34	-2,054	
36,74	6,108	930,32	850,82	-2,058	
36,76	6,128	931,28	850,00	-2,063	
36,78	6,148	928,45	850,37	-2,068	
36,80	6,168	925,09	851,32	-2,073	
36,82	6,188	925,71	851,35	-2,078	
36,84	6,208	927,08	850,58	-2,082	
36,86	6,228	927,84	849,93	-2,087	
36,88	6,248	924,43	850,57	-2,092	
36,90	6,268	923,71	851,26	-2,097	
36,92	6,288	924,89	850,96	-2,101	
36,94	6,308	925,34	850,12	-2,106	
36,96	6,328	923,84	850,13	-2,111	
36,98	6,348	920,73	851,19	-2,116	
37,00	6,368	921,59	851,53	-2,120	
37,02	6,388	923,39	850,91	-2,125	
37,04	6,408	924,32	850,03	-2,129	
37,06	6,428	922,25	850,25	-2,134	
37,08	6,448	919,75	851,18	-2,139	
37,10	6,468	919,80	851,27	-2,143	
37,12	6,488	920,63	850,53	-2,148	
37,14	6,508	921,48	849,92	-2,152	
37,16	6,528	918,16	850,70	-2,157	
37,18	6,548	917,49	851,47	-2,162	
37,20	6,568	918,42	851,20	-2,166	
37,22	6,588	918,40	850,33	-2,171	
37,24	6,608	917,93	849,97	-2,175	
37,26	6,628	915,67	850,86	-2,180	
37,28	6,648	915,67	851,35	-2,184	
37,30	6,668	916,77	850,85	-2,189	
37,32	6,688	917,11	850,02	-2,193	
37,34	6,708	914,29	850,37	-2,197	
37,36	6,728	911,30	851,40	-2,202	
37,38	6,748	912,21	851,49	-2,206	
37,40	6,768	913,60	850,73	-2,210	
37,42	6,788	913,93	849,94	-2,215	
37,44	6,808	911,31	850,51	-2,219	
37,46	6,828	909,74	851,45	-2,224	
37,48	6,848	910,08	851,36	-2,228	
37,50	6,868	910,27	850,53	-2,232	
37,52	6,888	909,60	849,93	-2,236	
37,54	6,908	906,33	850,73	-2,241	
37,56	6,928	905,46	851,46	-2,245	
37,58	6,948	906,48	851,13	-2,249	
37,60	6,968	907,49	850,25	-2,253	
37,62	6,988	907,26	850,00	-2,257	
37,64	7,008	904,44	850,92	-2,261	
37,66	7,028	903,38	851,33	-2,265	
37,68	7,048	903,66	850,77	-2,269	
37,70	7,068	904,63	849,98	-2,274	
37,72	7,088	901,85	850,47	-2,278	
37,74	7,108	899,74	851,37	-2,282	
37,76	7,128	901,31	851,29	-2,286	
37,78	7,148	901,81	850,47	-2,290	
37,80	7,168	901,64	849,93	-2,294	
37,82	7,188	898,39	850,76	-2,298	
37,84	7,208	897,80	851,43	-2,302	
37,86	7,228	898,44	851,06	-2,305	
37,88	7,248	898,46	850,18	-2,309	
37,90	7,268	896,93	850,13	-2,313	
37,92	7,288	893,74	851,19	-2,317	
37,94	7,308	894,14	851,56	-2,321	
37,96	7,328	894,47	850,93	-2,325	
37,98	7,348	894,82	850,04	-2,329	
38,00	7,368	893,69	850,31	-2,332	
38,02	7,388	891,73	851,40	-2,336	
38,04	7,408	891,31	851,58	-2,340	
38,06	7,428	890,88	850,86	-2,344	
38,08	7,448	891,30	849,98	-2,347	
38,10	7,468	890,80	850,32	-2,351	
38,12	7,488	889,85	851,34	-2,355	
38,14	7,508	888,96	851,42	-2,358	
38,16	7,528	887,86	850,67	-2,362	
38,18	7,548	888,02	849,93	-2,365	
38,20	7,568	885,54	850,60	-2,369	
38,22	7,588	883,34	851,56	-2,373	
38,24	7,608	883,18	851,45	-2,376	
38,26	7,628	883,62	850,60	-2,379	
38,28	7,648	884,58	849,94	-2,383	
38,30	7,668	882,23	850,71	-2,387	
38,32	7,688	880,10	851,52	-2,390	
38,34	7,708	879,96	851,27	-2,394	
38,36	7,728	880,48	850,40	-2,397	
38,38	7,748	880,85	849,95	-2,400	
38,40	7,768	878,45	850,92	-2,404	
38,42	7,788	876,87	851,61	-2,407	
38,44	7,808	876,77	851,22	-2,410	
38,46	7,828	877,24	850,30	-2,413	
38,48	7,848	876,41	850,02	-2,417	
38,50	7,868	873,48	851,04	-2,420	
38,52	7,888	872,74	851,59	-2,424	
38,54	7,908	872,86	851,09	-2,427	
38,56	7,928	872,35	850,17	-2,430	
38,58	7,948	870,79	850,10	-2,433	
38,60	7,968	868,42	851,12	-2,436	
38,62	7,988	868,45	851,50	-2,439	
38,64	8,008	868,10	850,91	-2,442	
38,66	8,028	868,08	850,02	-2,445	
38,68	8,048	867,30	850,27	-2,448	
38,70	8,068	865,79	851,40	-2,452	
38,72	8,088	865,05	851,63	-2,455	
38,74	8,108	864,26	850,92	-2,457	
38,76	8,128	864,15	850,02	-2,460	
38,78	8,148	862,28	850,26	-2,463	
38,80	8,168	860,24	851,22	-2,466	
38,82	8,188	859,95	851,32	-2,469	
38,84	8,208	860,33	850,58	-2,472	
38,86	8,228	860,74	849,93	-2,475	
38,88	8,248	856,63	850,71	-2,478	
38,90	8,268	854,77	851,54	-2,481	
38,92	8,288	855,44	851,30	-2,483	
38,94	8,308	855,08	850,43	-2,486	
38,96	8,328	854,42	849,95	-2,489	
38,98	8,348	851,65	850,92	-2,492	
39,00	8,368	850,14	851,66	-2,494	
39,02	8,388	850,17	851,31	-2,497	
39,04	8,408	850,20	850,40	-2,500	
39,06	8,428	849,43	849,94	-2,502	
39,08	8,448	847,20	850,85	-2,505	
39,10	8,468	846,02	851,50	-2,507	
39,12	8,488	844,81	851,11	-2,510	
39,14	8,508	844,31	850,21	-2,512	
39,16	8,528	843,68	850,07	-2,515	
39,18	8,548	840,88	851,10	-2,517	
39,20	8,568	839,84	851,53	-2,520	
39,22	8,588	839,71	850,97	-2,522	
39,24	8,608	839,17	850,07	-2,524	
39,26	8,628	837,23	850,17	-2,526	
39,28	8,648	834,92	851,12	-2,529	
39,30	8,668	834,49	851,28	-2,531	
39,32	8,688	834,11	850,59	-2,533	
39,34	8,708	834,12	849,91	-2,535	
39,36	8,728	830,61	850,60	-2,538	
39,38	8,748	828,64	851,48	-2,540	
39,40	8,768	828,34	851,33	-2,542	
39,42	8,788	827,72	850,50	-2,544	
39,44	8,808	826,90	849,91	-2,546	
39,46	8,828	823,72	850,68	-2,548	
39,48	8,848	822,00	851,40	-2,551	
39,50	8,868	821,07	851,09	-2,553	
39,52	8,888	820,82	850,22	-2,554	
39,54	8,908	819,18	850,06	-2,556	
39,56	8,928	815,04	851,10	-2,558	
39,58	8,948	814,27	851,55	-2,560	
39,60	8,968	814,18	851,01	-2,562	
39,62	8,988	813,39	850,10	-2,564	
39,64	9,008	811,00	850,16	-2,565	
39,66	9,028	807,19	851,30	-2,568	
39,68	9,048	805,68	851,69	-2,569	
39,70	9,068	804,62	851,08	-2,571	
39,72	9,088	803,94	850,15	-2,572	
39,74	9,108	802,22	850,11	-2,574	
39,76	9,128	799,66	851,10	-2,576	
39,78	9,148	797,76	851,41	-2,577	
39,80	9,168	796,45	850,81	-2,579	
39,82	9,188	795,48	849,97	-2,580	
39,84	9,208	792,69	850,35	-2,582	
39,86	9,228	789,52	851,44	-2,584	
39,88	9,248	788,73	851,57	-2,585	
39,90	9,268	787,81	850,84	-2,586	
39,92	9,287	786,65	849,97	-2,587	
39,94	9,308	783,48	850,33	-2,589	
39,96	9,328	780,28	851,37	-2,590	
39,98	9,348	778,46	851,48	-2,592	
40,00	9,368	777,10	850,74	-2,593	
40,02	9,388	776,31	849,96	-2,594	
40,04	9,408	772,59	850,44	-2,595	
40,06	9,428	769,48	851,33	-2,596	
40,08	9,448	766,40	851,29	-2,596	
40,10	9,467	758,15	850,53	-2,595	
40,12	9,484	744,86	849,88	-2,594	
40,14	9,495	723,39	850,76	-2,593	
40,16	9,500	696,52	851,85	-2,593	
40,18	9,502	668,47	851,79	-2,592	
40,20	9,502	642,13	850,99	-2,591	
40,22	9,503	619,26	850,08	-2,591	
40,24	9,503	601,45	850,17	-2,591	
40,26	9,503	585,25	851,21	-2,590	
40,28	9,503	570,35	851,50	-2,590	
40,30	9,503	557,16	850,88	-2,589	
40,32	9,503	545,83	850,02	-2,589	
40,34	9,503	534,18	850,24	-2,589	
40,36	9,503	523,00	851,23	-2,589	
40,38	9,503	513,35	851,40	-2,588	
40,40	9,503	504,17	850,70	-2,588	
40,42	9,503	496,80	849,94	-2,588	
40,44	9,503	487,57	850,56	-2,588	
40,46	9,503	478,62	851,58	-2,587	
40,48	9,503	471,39	851,55	-2,587	
40,50	9,503	463,66	850,75	-2,587	
40,52	9,503	457,12	849,94	-2,587	
40,54	9,503	450,88	850,46	-2,586	
40,56	9,503	444,58	851,42	-2,586	
40,58	9,503	438,39	851,38	-2,586	
40,60	9,503	432,97	850,58	-2,586	
40,62	9,503	429,02	849,93	-2,585	
40,64	9,503	424,96	850,67	-2,585	
40,66	9,503	423,24	851,45	-2,585	
40,68	9,503	423,37	851,21	-2,585	
40,70	9,503	423,94	850,36	-2,585	
40,72	9,503	424,53	849,99	-2,584	
40,74	9,503	423,49	850,95	-2,584	
40,76	9,503	423,09	851,55	-2,584	
40,78	9,503	423,31	851,12	-2,584	
40,80	9,503	423,90	850,22	-2,584	
40,82	9,503	424,33	850,05	-2,584	
40,84	9,503	423,36	851,16	-2,584	
40,86	9,503	423,17	851,71	-2,583	
40,88	9,503	423,47	851,20	-2,583	
40,90	9,503	424,04	850,28	-2,583	
40,92	9,503	424,51	850,03	-2,583	
40,94	9,503	423,45	851,04	-2,583	
40,96	9,503	423,16	851,57	-2,583	
40,98	9,503	423,47	851,07	-2,583	
41,00	9,503	424,15	850,17	-2,582	
41,02	9,503	424,46	850,10	-2,582	
41,04	9,503	423,44	851,25	-2,582	
41,06	9,503	423,18	851,74	-2,582	
41,08	9,503	423,48	851,17	-2,582	
41,10	9,503	422,93	850,22	-2,582	
41,12	9,503	394,61	850,09	-2,582	
41,14	9,503	348,72	851,02	-2,581	
41,16	9,503	324,18	851,35	-2,581	
41,18	9,503	317,97	850,75	-2,581	
41,20	9,503	317,35	849,96	-2,581	
41,22	9,503	313,63	850,53	-2,581	
41,24	9,503	308,47	851,65	-2,581	
41,26	9,503	305,87	851,71	-2,580	
41,28	9,503	303,89	850,94	-2,580	
41,30	9,503	302,07	850,04	-2,580	
41,32	9,503	300,21	850,20	-2,580	
41,34	9,503	297,90	851,10	-2,580	
41,36	9,503	296,42	851,19	-2,580	
41,38	9,503	295,13	850,46	-2,580	
41,40	9,503	293,45	849,49	-2,580	
41,42	9,503	293,27	848,52	-2,580	
41,44	9,503	298,93	847,56	-2,580	
41,46	9,503	306,24	846,59	-2,579	
41,48	9,503	312,01	845,64	-2,579	
41,50	9,503	316,69	844,73	-2,579	
41,52	9,503	321,99	843,83	-2,579	
41,54	9,503	327,95	842,94	-2,579	
41,56	9,503	333,22	842,05	-2,579	
41,58	9,503	338,77	841,16	-2,579	
41,60	9,503	345,10	840,25	-2,579	
41,62	9,503	351,49	839,33	-2,579	
41,64	9,503	356,88	838,41	-2,578	
41,66	9,503	362,34	837,49	-2,578	
41,68	9,503	367,68	836,57	-2,578	
41,70	9,503	372,85	835,65	-2,578	
41,72	9,503	377,86	834,74	-2,578	
41,74	9,503	382,57	833,83	-2,578	
41,76	9,503	387,02	832,92	-2,578	
41,78	9,503	391,39	832,01	-2,577	
41,80	9,503	395,85	831,10	-2,577	
41,82	9,503	400,40	830,18	-2,577	
41,84	9,503	404,93	829,25	-2,577	
41,86	9,503	409,40	828,34	-2,577	
41,88	9,503	413,81	827,44	-2,577	
41,90	9,503	418,26	826,55	-2,577	
41,92	9,503	422,91	825,65	-2,576	
41,94	9,503	427,17	824,75	-2,576	
41,96	9,503	431,08	823,84	-2,576	
41,98	9,503	435,18	822,94	-2,576	
42,00	9,503	438,98	822,05	-2,576	
42,02	9,503	442,44	821,17	-2,576	
42,04	9,503	445,81	820,29	-2,575	
42,06	9,503	449,76	819,39	-2,575	
42,08	9,503	453,83	818,48	-2,575	
42,10	9,503	457,51	817,58	-2,575	
42,12	9,503	460,92	816,68	-2,575	
42,14	9,503	464,25	815,80	-2,575	
42,16	9,503	467,63	814,93	-2,574	
42,18	9,503	470,99	814,06	-2,574	
42,20	9,503	473,71	813,19	-2,574	
42,22	9,503	476,41	812,32	-2,574	
42,24	9,503	479,52	811,45	-2,574	
42,26	9,503	482,87	810,58	-2,574	
42,28	9,503	486,03	809,71	-2,573	
42,30	9,503	488,62	808,83	-2,573	
42,32	9,503	491,36	807,94	-2,573	
42,34	9,503	494,48	807,06	-2,573	
42,36	9,503	497,20	806,20	-2,573	
42,38	9,503	499,55	805,33	-2,572	
42,40	9,503	501,85	804,48	-2,572	
42,42	9,503	504,09	803,63	-2,572	
42,44	9,503	506,35	802,77	-2,572	
42,46	9,503	508,62	801,90	-2,572	
42,48	9,503	510,78	801,03	-2,571	
42,50	9,503	513,00	800,17	-2,571	
42,52	9,503	515,28	799,32	-2,571	
42,54	9,503	517,49	798,47	-2,571	
42,56	9,503	519,66	797,63	-2,571	
42,58	9,503	521,96	796,80	-2,570	
42,60	9,503	523,93	795,98	-2,570	
42,62	9,503	525,62	795,16	-2,570	
42,64	9,503	527,24	794,34	-2,570	
42,66	9,503	528,30	793,53	-2,570	
42,68	9,503	529,85	792,72	-2,570	
42,70	9,503	531,12	791,90	-2,569	
42,72	9,503	531,92	791,10	-2,569	
42,74	9,503	533,37	790,29	-2,569	
42,76	9,503	534,59	789,49	-2,569	
42,78	9,503	535,33	788,70	-2,569	
42,80	9,503	536,75	787,92	-2,569	
42,82	9,503	537,91	787,14	-2,568	
42,84	9,503	538,30	786,36	-2,568	
42,86	9,503	538,34	785,57	-2,568	
42,88	9,503	538,32	784,79	-2,568	
42,90	9,503	538,27	784,01	-2,568	
42,92	9,503	538,26	783,24	-2,568	
42,94	9,503	539,25	782,48	-2,567	
42,96	9,503	540,85	781,72	-2,567	
42,98	9,503	541,63	780,97	-2,567	
43,00	9,503	541,74	780,20	-2,567	
43,02	9,503	541,44	779,43	-2,567	
43,04	9,503	539,97	778,67	-2,567	
43,06	9,503	538,71	777,91	-2,567	
43,08	9,503	538,32	777,16	-2,566	
43,10	9,503	538,33	776,42	-2,566	
43,12	9,503	538,33	775,69	-2,566	
43,14	9,503	537,45	774,96	-2,566	
43,16	9,503	536,00	774,23	-2,566	
43,18	9,503	535,24	773,49	-2,566	
43,20	9,503	534,22	772,75	-2,566	
43,22	9,503	532,70	772,02	-2,565	
43,24	9,503	531,51	771,31	-2,565	
43,26	9,503	529,83	770,59	-2,565	
43,28	9,503	528,18	769,87	-2,565	
43,30	9,503	526,34	769,16	-2,565	
43,32	9,503	524,83	768,44	-2,563	
43,34	9,503	523,00	767,74	-2,561	
43,36	9,503	520,80	767,03	-2,560	
43,38	9,503	518,65	766,32	-2,560	
43,40	9,503	516,49	765,59	-2,560	
43,42	9,503	514,85	764,88	-2,560	
43,44	9,503	513,01	764,17	-2,560	
43,46	9,503	510,79	763,47	-2,559	
43,48	9,503	507,98	762,77	-2,559	
43,50	9,503	505,39	762,08	-2,559	
43,52	9,503	502,76	761,41	-2,559	
43,54	9,503	499,97	760,73	-2,560	
43,56	9,503	497,43	760,06	-2,562	
43,58	9,503	494,57	759,38	-2,563	
43,60	9,503	491,93	758,70	-2,564	
43,62	9,503	489,27	758,01	-2,564	
43,64	9,503	486,14	757,34	-2,564	
43,66	9,503	483,11	756,68	-2,563	
43,68	9,503	480,56	756,03	-2,563	
43,70	9,503	477,68	755,38	-2,563	
43,72	9,503	474,37	754,73	-2,563	
43,74	9,503	470,99	754,08	-2,563	
43,76	9,503	467,63	753,43	-2,563	
43,78	9,503	464,33	752,80	-2,563	
43,80	9,503	461,00	752,17	-2,563	
43,82	9,503	457,52	751,53	-2,563	
43,84	9,503	454,10	750,88	-2,563	
43,86	9,503	450,81	750,24	-2,563	
43,88	9,503	447,48	749,63	-2,563	
43,90	9,503	444,14	749,01	-2,563	
43,92	9,503	440,74	748,40	-2,563	
43,94	9,503	437,03	747,79	-2,563	
43,96	9,503	432,92	747,18	-2,563	
43,98	9,503	429,11	746,59	-2,562	
44,00	9,503	425,65	745,99	-2,562	
44,02	9,503	422,32	745,40	-2,563	
44,04	9,503	418,40	744,83	-2,562	
44,06	9,503	414,28	744,26	-2,562	
44,08	9,503	410,60	743,69	-2,562	
44,10	9,503	407,01	743,12	-2,562	
44,12	9,503	402,94	742,56	-2,562	
44,14	9,503	399,02	742,01	-2,562	
44,16	9,503	394,89	741,45	-2,562	
44,18	9,503	390,84	740,91	-2,562	
44,20	9,503	386,95	740,38	-2,562	
44,22	9,503	382,79	739,87	-2,562	
44,24	9,503	378,87	739,36	-2,562	
44,26	9,503	375,42	738,84	-2,562	
44,28	9,503	371,52	738,32	-2,562	
44,30	9,503	367,19	737,80	-2,562	
44,32	9,503	362,71	737,30	-2,562	
44,34	9,503	358,75	736,80	-2,562	
44,36	9,503	354,64	736,31	-2,562	
44,38	9,503	350,28	735,82	-2,562	
44,40	9,503	345,76	735,36	-2,562	
44,42	9,503	340,96	734,90	-2,562	
44,44	9,503	336,01	734,45	-2,562	
44,46	9,503	331,24	734,00	-2,562	
44,48	9,503	327,00	733,56	-2,562	
44,50	9,503	323,09	733,13	-2,563	
44,52	9,503	318,91	732,72	-2,563	
44,54	9,503	314,11	732,32	-2,563	
44,56	9,503	308,45	731,95	-2,563	
44,58	9,503	303,23	731,58	-2,563	
44,60	9,503	297,74	731,20	-2,563	
44,62	9,503	292,36	730,83	-2,563	
44,64	9,503	287,28	730,49	-2,563	
44,66	9,503	282,31	730,16	-2,564	
44,68	9,503	277,29	729,82	-2,564	
44,70	9,503	271,64	729,49	-2,564	
44,72	9,503	266,39	729,17	-2,564	
44,74	9,503	261,13	728,88	-2,564	
44,76	9,503	256,24	728,60	-2,564	
44,78	9,503	251,05	728,34	-2,565	
44,80	9,503	246,05	728,08	-2,565	
44,82	9,503	240,58	727,83	-2,565	
44,84	9,503	234,59	727,59	-2,565	
44,86	9,503	229,35	727,37	-2,566	
44,88	9,503	223,88	727,16	-2,566	
44,90	9,503	217,60	726,95	-2,566	
44,92	9,503	211,84	726,76	-2,566	
44,94	9,503	206,65	726,59	-2,566	
44,96	9,503	200,76	726,43	-2,567	
44,98	9,503	195,09	726,28	-2,567	
45,00	9,503	189,90	726,16	-2,567	
45,02	9,503	184,26	726,02	-2,567	
45,04	9,503	179,09	725,89	-2,568	
45,06	9,503	173,63	725,78	-2,568	
45,08	9,503	167,61	725,67	-2,568	
45,10	9,503	162,32	725,58	-2,568	
45,12	9,503	156,90	725,49	-2,569	
45,14	9,503	151,51	725,41	-2,569	
45,16	9,503	146,30	725,32	-2,569	
45,18	9,503	140,59	725,24	-2,569	
45,20	9,503	135,39	725,17	-2,569	
45,22	9,503	129,95	725,11	-2,570	
45,24	9,503	124,53	725,06	-2,570	
45,26	9,503	119,31	725,00	-2,570	
45,28	9,503	113,65	724,92	-2,570	
45,30	9,503	108,50	724,84	-2,570	
45,32	9,503	103,88	724,76	-2,570	
45,34	9,503	99,08	724,69	-2,571	
45,36	9,503	94,00	724,65	-2,571	
45,38	9,503	89,19	724,59	-2,571	
45,40	9,503	84,74	724,53	-2,571	
45,42	9,503	80,34	724,47	-2,571	
45,44	9,503	75,82	724,41	-2,571	
45,46	9,503	71,63	724,33	-2,571	
45,48	9,503	67,72	724,28	-2,572	
45,50	9,503	63,53	724,23	-2,572	
45,52	9,503	59,76	724,17	-2,572	
45,54	9,503	56,37	724,08	-2,572	
45,56	9,503	52,98	723,99	-2,572	
45,58	9,503	49,58	723,92	-2,572	
45,60	9,503	46,17	723,84	-2,572	
45,62	9,503	42,77	723,76	-2,572	
45,64	9,503	39,45	723,67	-2,572	
45,66	9,503	36,11	723,57	-2,572	
45,68	9,503	32,99	723,46	-2,572	