Zeit  1 - Standardmessrate [s]	ZwickWeg [mm]	ZwickKraft [N]	Pyrometer [°C]	Maytec [mm]
0	0,1666	159,68	150,10	-0,01082	
0,02000	0,1666	159,75	150,10	-0,01100	
0,04000	0,1666	159,76	150,10	-0,01111	
0,06000	0,1666	159,71	150,10	-0,01121	
0,08000	0,1666	159,70	150,10	-0,01117	
0,1000	0,1666	159,68	150,09	-0,01103	
0,1200	0,1666	159,75	150,09	-0,01094	
0,1400	0,1665	159,80	150,09	-0,01098	
0,1600	0,1665	159,72	150,09	-0,01110	
0,1800	0,1665	159,70	150,09	-0,01116	
0,2000	0,1666	159,77	150,09	-0,01118	
0,2200	0,1666	159,80	150,09	-0,01111	
0,2400	0,1666	159,86	150,09	-0,01097	
0,2600	0,1666	159,92	150,09	-0,01092	
0,2800	0,1665	159,87	150,09	-0,01096	
0,3000	0,1665	159,78	150,09	-0,01104	
0,3200	0,1666	159,79	150,09	-0,01110	
0,3400	0,1666	159,81	150,09	-0,01118	
0,3600	0,1666	159,81	150,09	-0,01119	
0,3800	0,1666	159,81	150,09	-0,01109	
0,4000	0,1666	159,80	150,09	-0,01102	
0,4200	0,1666	159,76	150,09	-0,01092	
0,4400	0,1666	159,76	150,09	-0,01088	
0,4600	0,1666	159,79	150,09	-0,01098	
0,4800	0,1666	159,82	150,09	-0,01110	
0,5000	0,1666	159,79	150,09	-0,01111	
0,5200	0,1666	159,73	150,09	-0,01106	
0,5400	0,1666	159,68	150,09	-0,01098	
0,5600	0,1666	159,71	150,09	-0,01089	
0,5800	0,1666	159,74	150,09	-0,01093	
0,6000	0,1666	159,73	150,09	-0,01104	
0,6200	0,1666	159,75	150,09	-0,01113	
0,6400	0,1666	159,78	150,09	-0,01123	
0,6600	0,1666	159,72	150,10	-0,01121	
0,6800	0,1666	159,70	150,09	-0,01106	
0,7000	0,1666	159,79	150,09	-0,01097	
0,7200	0,1666	159,84	150,09	-0,01091	
0,7400	0,1666	159,89	150,09	-0,01090	
0,7600	0,1666	159,92	150,09	-0,01098	
0,7800	0,1666	159,87	150,09	-0,01115	
0,8000	0,1666	159,76	150,09	-0,01123	
0,8200	0,1666	159,76	150,09	-0,01116	
0,8400	0,1666	159,76	150,09	-0,01101	
0,8600	0,1666	159,70	150,09	-0,01089	
0,8800	0,1666	159,71	150,10	-0,01080	
0,9000	0,1666	159,76	150,09	-0,01085	
0,9200	0,1666	159,74	150,09	-0,01101	
0,9400	0,1666	159,74	150,09	-0,01116	
0,9600	0,1666	159,81	150,09	-0,01119	
0,9800	0,1666	159,84	150,09	-0,01101	
1,000	0,1666	159,80	150,09	-0,01086	
1,020	0,1666	159,78	150,09	-0,01082	
1,040	0,1666	159,76	150,09	-0,01089	
1,060	0,1666	159,75	150,10	-0,01107	
1,080	0,1666	159,71	150,09	-0,01114	
1,100	0,1666	159,69	150,09	-0,01101	
1,120	0,1666	159,69	150,09	-0,01095	
1,140	0,1666	159,74	150,09	-0,01096	
1,160	0,1666	159,77	150,09	-0,01093	
1,180	0,1666	159,78	150,09	-0,01095	
1,200	0,1666	159,76	150,09	-0,01103	
1,220	0,1666	159,75	150,09	-0,01106	
1,240	0,1666	159,71	150,09	-0,01110	
1,260	0,1666	159,70	150,09	-0,01115	
1,280	0,1666	159,71	150,09	-0,01108	
1,300	0,1666	159,74	150,09	-0,01092	
1,320	0,1666	159,74	150,09	-0,01082	
1,340	0,1666	159,77	150,09	-0,01087	
1,360	0,1666	159,75	150,09	-0,01102	
1,380	0,1666	159,76	150,09	-0,01109	
1,400	0,1666	159,78	150,09	-0,01110	
1,420	0,1666	159,69	150,09	-0,01100	
1,440	0,1666	159,66	150,09	-0,01088	
1,460	0,1666	159,70	150,09	-0,01084	
1,480	0,1666	159,72	150,09	-0,01088	
1,500	0,1666	159,70	150,09	-0,01102	
1,520	0,1666	159,71	150,09	-0,01112	
1,540	0,1666	159,73	150,09	-0,01116	
1,560	0,1666	159,73	150,09	-0,01106	
1,580	0,1666	159,75	150,09	-0,01094	
1,600	0,1666	159,80	150,09	-0,01092	
1,620	0,1666	159,74	150,09	-0,01091	
1,640	0,1666	159,68	150,09	-0,01096	
1,660	0,1666	159,68	150,09	-0,01107	
1,680	0,1666	159,69	150,09	-0,01108	
1,700	0,1666	159,66	150,09	-0,01108	
1,720	0,1666	159,61	150,09	-0,01102	
1,740	0,1666	159,58	150,09	-0,01091	
1,760	0,1666	159,60	150,09	-0,01088	
1,780	0,1666	159,64	150,09	-0,01096	
1,800	0,1666	159,61	150,09	-0,01110	
1,820	0,1666	159,55	150,09	-0,01119	
1,840	0,1666	159,53	150,09	-0,01118	
1,860	0,1666	159,56	150,09	-0,01109	
1,880	0,1666	159,63	150,09	-0,01102	
1,900	0,1666	159,69	150,09	-0,01099	
1,920	0,1666	159,74	150,09	-0,01093	
1,940	0,1666	159,75	150,09	-0,01098	
1,960	0,1666	159,68	150,09	-0,01105	
1,980	0,1666	159,66	150,09	-0,01111	
2,000	0,1666	159,68	150,09	-0,01108	
2,020	0,1666	159,69	150,09	-0,01100	
2,040	0,1666	159,72	150,09	-0,01095	
2,060	0,1666	159,74	150,09	-0,01097	
2,080	0,1666	159,77	150,09	-0,01106	
2,100	0,1666	159,70	150,09	-0,01109	
2,120	0,1666	159,68	150,09	-0,01113	
2,140	0,1666	159,74	150,10	-0,01114	
2,160	0,1666	159,78	150,09	-0,01102	
2,180	0,1666	159,76	150,09	-0,01086	
2,200	0,1666	159,76	150,09	-0,01080	
2,220	0,1666	159,77	150,09	-0,01092	
2,240	0,1666	159,75	150,09	-0,01104	
2,260	0,1666	159,74	150,09	-0,01108	
2,280	0,1666	159,79	150,09	-0,01109	
2,300	0,1666	159,81	150,09	-0,01100	
2,320	0,1666	159,76	150,10	-0,01089	
2,340	0,1666	159,66	150,10	-0,01089	
2,360	0,1666	159,67	150,09	-0,01089	
2,380	0,1666	159,68	150,09	-0,01097	
2,400	0,1666	159,64	150,09	-0,01108	
2,420	0,1666	159,64	150,09	-0,01109	
2,440	0,1666	159,77	150,09	-0,01108	
2,460	0,1666	159,76	150,09	-0,01102	
2,480	0,1666	159,64	150,09	-0,01096	
2,500	0,1666	159,64	150,09	-0,01096	
2,520	0,1666	159,66	150,09	-0,01099	
2,540	0,1666	159,66	150,09	-0,01107	
2,560	0,1666	159,67	150,09	-0,01114	
2,580	0,1666	159,71	150,09	-0,01112	
2,600	0,1666	159,75	150,09	-0,01106	
2,620	0,1666	159,80	150,09	-0,01097	
2,640	0,1666	159,80	150,09	-0,01091	
2,660	0,1666	159,85	150,09	-0,01091	
2,680	0,1666	159,82	150,09	-0,01097	
2,700	0,1666	159,85	150,09	-0,01108	
2,720	0,1666	159,88	150,09	-0,01116	
2,740	0,1666	159,85	150,09	-0,01108	
2,760	0,1666	160,28	150,09	-0,01095	
2,780	0,1666	161,64	150,09	-0,01093	
2,800	0,1666	161,56	150,09	-0,01098	
2,820	0,1666	160,90	150,09	-0,01099	
2,840	0,1666	161,69	150,09	-0,01112	
2,860	0,1666	161,59	150,09	-0,01117	
2,880	0,1666	160,46	150,09	-0,01113	
2,900	0,1666	159,77	150,09	-0,01107	
2,920	0,1666	159,66	150,09	-0,01099	
2,940	0,1666	159,68	150,09	-0,01088	
2,960	0,1666	159,68	150,09	-0,01081	
2,980	0,1666	159,73	150,09	-0,01094	
3,000	0,1666	159,78	150,09	-0,01111	
3,020	0,1666	159,81	150,09	-0,01118	
3,040	0,1666	159,81	150,09	-0,01111	
3,060	0,1666	159,83	150,09	-0,01098	
3,080	0,1666	159,81	150,09	-0,01089	
3,100	0,1666	159,77	150,09	-0,01089	
3,120	0,1666	159,71	150,09	-0,01096	
3,140	0,1666	159,69	150,09	-0,01108	
3,160	0,1666	159,75	150,09	-0,01115	
3,180	0,1666	159,78	150,09	-0,01113	
3,200	0,1666	159,80	150,09	-0,01103	
3,220	0,1666	159,83	150,09	-0,01090	
3,240	0,1666	159,80	150,09	-0,01081	
3,260	0,1666	159,75	150,09	-0,01085	
3,280	0,1666	159,66	150,09	-0,01095	
3,300	0,1666	159,65	150,09	-0,01106	
3,320	0,1666	159,71	150,09	-0,01114	
3,340	0,1666	159,73	150,09	-0,01116	
3,360	0,1666	159,75	150,09	-0,01102	
3,380	0,1666	159,81	150,09	-0,01083	
3,400	0,1664	159,84	150,09	-0,01070	
3,420	0,1661	159,80	150,09	-0,01076	
3,440	0,1659	159,78	150,09	-0,01092	
3,460	0,1659	159,75	150,09	-0,01107	
3,480	0,1659	159,71	150,09	-0,01114	
3,500	0,1660	159,74	150,09	-0,01106	
3,520	0,1660	159,76	150,09	-0,01088	
3,540	0,1660	159,79	150,09	-0,01082	
3,560	0,1660	159,81	150,09	-0,01091	
3,580	0,1659	159,76	150,09	-0,01106	
3,600	0,1659	159,71	150,09	-0,01110	
3,620	0,1659	159,72	150,09	-0,01107	
3,640	0,1659	159,78	150,09	-0,01102	
3,660	0,1659	159,83	150,09	-0,01094	
3,680	0,1659	159,81	150,09	-0,01086	
3,700	0,1659	159,78	150,09	-0,01085	
3,720	0,1659	159,75	150,09	-0,01094	
3,740	0,1659	159,71	150,09	-0,01109	
3,760	0,1659	159,69	150,09	-0,01116	
3,780	0,1660	159,69	150,09	-0,01113	
3,800	0,1660	159,70	150,09	-0,01107	
3,820	0,1660	159,70	150,09	-0,01099	
3,840	0,1660	159,67	150,09	-0,01096	
3,860	0,1659	159,66	150,09	-0,01100	
3,880	0,1659	159,71	150,09	-0,01108	
3,900	0,1660	159,71	150,09	-0,01114	
3,920	0,1662	159,72	150,09	-0,01109	
3,940	0,1665	159,77	150,09	-0,01094	
3,960	0,1666	159,76	150,09	-0,01087	
3,980	0,1666	159,73	150,09	-0,01085	
4,000	0,1666	159,74	150,09	-0,01088	
4,020	0,1666	159,79	150,09	-0,01096	
4,040	0,1666	159,82	150,09	-0,01108	
4,060	0,1666	159,77	150,09	-0,01113	
4,080	0,1666	159,68	150,09	-0,01111	
4,100	0,1666	159,68	150,09	-0,01103	
4,120	0,1666	159,71	150,09	-0,01091	
4,140	0,1666	159,80	150,09	-0,01083	
4,160	0,1666	159,82	150,09	-0,01083	
4,180	0,1666	159,80	150,09	-0,01090	
4,200	0,1666	159,81	150,09	-0,01108	
4,220	0,1666	159,85	150,10	-0,01118	
4,240	0,1660	162,68	150,23	-0,01147	
4,260	0,1666	145,04	150,08	-0,01237	
4,280	0,1669	102,79	150,01	-0,01266	
4,300	0,1667	61,27	150,05	-0,01243	
4,320	0,1670	30,01	150,09	-0,01221	
4,340	0,1698	12,52	150,09	-0,01211	
4,360	0,1764	20,57	150,09	-0,01218	
4,380	0,1839	62,83	150,09	-0,01215	
4,400	0,1896	110,46	150,09	-0,01195	
4,420	0,1927	148,19	150,10	-0,01181	
4,440	0,1938	171,84	150,09	-0,01174	
4,460	0,1936	182,55	150,09	-0,01181	
4,480	0,1928	183,82	150,09	-0,01179	
4,500	0,1918	179,98	150,09	-0,01194	
4,520	0,1910	174,46	150,09	-0,01201	
4,540	0,1904	169,36	150,09	-0,01198	
4,560	0,1901	165,20	150,09	-0,01192	
4,580	0,1897	162,22	150,09	-0,01183	
4,600	0,1895	160,44	150,09	-0,01182	
4,620	0,1894	159,80	150,09	-0,01179	
4,640	0,1894	159,61	150,09	-0,01191	
4,660	0,1894	159,57	150,09	-0,01197	
4,680	0,1894	159,55	150,09	-0,01199	
4,700	0,1894	159,57	150,09	-0,01191	
4,720	0,1894	159,67	150,09	-0,01171	
4,740	0,1894	159,74	150,09	-0,01167	
4,760	0,1894	159,75	150,09	-0,01170	
4,780	0,1894	159,77	150,09	-0,01189	
4,800	0,1894	159,69	150,09	-0,01199	
4,820	0,1894	159,67	150,09	-0,01198	
4,840	0,1894	160,08	150,09	-0,01193	
4,860	0,1894	160,49	150,09	-0,01182	
4,880	0,1894	160,61	150,09	-0,01171	
4,900	0,1894	161,72	150,09	-0,01167	
4,920	0,1894	162,67	150,09	-0,01181	
4,940	0,1894	163,04	150,09	-0,01191	
4,960	0,1894	163,04	150,09	-0,01195	
4,980	0,1894	162,98	150,09	-0,01192	
5,000	0,1894	163,03	150,10	-0,01176	
5,020	0,1894	163,06	150,09	-0,01170	
5,040	0,1894	163,02	150,09	-0,01172	
5,060	0,1894	163,10	150,09	-0,01173	
5,080	0,1894	162,69	150,09	-0,01186	
5,100	0,1894	161,31	150,09	-0,01202	
5,120	0,1894	161,31	150,09	-0,01206	
5,140	0,1894	162,04	150,09	-0,01194	
5,160	0,1894	161,21	150,09	-0,01185	
5,180	0,1894	160,22	150,09	-0,01180	
5,200	0,1894	159,84	150,09	-0,01181	
5,220	0,1894	159,70	150,09	-0,01190	
5,240	0,1894	159,65	150,09	-0,01196	
5,260	0,1893	159,72	150,10	-0,01201	
5,280	0,1890	159,82	150,09	-0,01192	
5,300	0,1888	159,83	150,09	-0,01180	
5,320	0,1887	160,23	150,09	-0,01174	
5,340	0,1887	161,22	150,09	-0,01173	
5,360	0,1887	160,85	150,09	-0,01176	
5,380	0,1887	160,09	150,09	-0,01182	
5,400	0,1887	159,76	150,09	-0,01192	
5,420	0,1887	159,75	150,09	-0,01194	
5,440	0,1887	159,81	150,09	-0,01187	
5,460	0,1887	159,75	150,09	-0,01184	
5,480	0,1887	159,72	150,09	-0,01175	
5,500	0,1887	159,74	150,09	-0,01170	
5,520	0,1887	159,73	150,09	-0,01183	
5,540	0,1887	159,76	150,09	-0,01195	
5,560	0,1887	159,79	150,09	-0,01196	
5,580	0,1887	159,72	150,09	-0,01192	
5,600	0,1887	159,73	150,09	-0,01185	
5,620	0,1887	159,76	150,09	-0,01174	
5,640	0,1887	159,72	150,09	-0,01165	
5,660	0,1887	159,71	150,09	-0,01166	
5,680	0,1887	159,77	150,09	-0,01181	
5,700	0,1887	159,76	150,09	-0,01200	
5,720	0,1887	159,82	150,09	-0,01199	
5,740	0,1887	160,82	150,09	-0,01194	
5,760	0,1887	161,21	150,09	-0,01181	
5,780	0,1887	160,92	150,09	-0,01168	
5,800	0,1887	161,82	150,09	-0,01160	
5,820	0,1887	161,74	150,09	-0,01176	
5,840	0,1887	160,69	150,09	-0,01191	
5,860	0,1887	161,01	150,09	-0,01194	
5,880	0,1887	161,29	150,09	-0,01191	
5,900	0,1888	160,59	150,09	-0,01179	
5,920	0,1887	160,02	150,09	-0,01175	
5,940	0,1887	159,77	150,09	-0,01169	
5,960	0,1887	159,74	150,09	-0,01170	
5,980	0,1887	159,80	150,09	-0,01180	
6,000	0,1885	159,83	150,09	-0,01195	
6,020	0,1882	159,91	150,09	-0,01197	
6,040	0,1881	159,94	150,09	-0,01189	
6,060	0,1881	159,88	150,09	-0,01181	
6,080	0,1881	159,90	150,09	-0,01175	
6,100	0,1881	159,93	150,09	-0,01175	
6,120	0,1881	159,86	150,09	-0,01183	
6,140	0,1881	159,79	150,09	-0,01196	
6,160	0,1880	159,74	150,09	-0,01198	
6,180	0,1880	159,71	150,09	-0,01193	
6,200	0,1881	159,69	150,09	-0,01185	
6,220	0,1880	159,72	150,09	-0,01176	
6,240	0,1880	159,76	150,09	-0,01171	
6,260	0,1880	159,69	150,09	-0,01176	
6,280	0,1880	159,68	150,09	-0,01193	
6,300	0,1881	159,69	150,09	-0,01203	
6,320	0,1881	159,64	150,09	-0,01205	
6,340	0,1880	159,69	150,09	-0,01193	
6,360	0,1880	159,79	150,09	-0,01174	
6,380	0,1881	159,77	150,09	-0,01160	
6,400	0,1881	159,80	150,09	-0,01164	
6,420	0,1881	159,80	150,09	-0,01182	
6,440	0,1881	159,78	150,09	-0,01191	
6,460	0,1881	159,78	150,09	-0,01194	
6,480	0,1881	159,78	150,09	-0,01193	
6,500	0,1880	159,75	150,09	-0,01176	
6,520	0,1880	159,72	150,10	-0,01163	
6,540	0,1880	159,73	150,10	-0,01160	
6,560	0,1881	159,66	150,09	-0,01168	
6,580	0,1881	159,62	150,09	-0,01181	
6,600	0,1881	160,54	150,09	-0,01192	
6,620	0,1880	160,94	150,09	-0,01189	
6,640	0,1880	160,28	150,09	-0,01173	
6,660	0,1880	160,73	150,09	-0,01161	
6,680	0,1880	160,99	150,09	-0,01156	
6,700	0,1880	160,24	150,09	-0,01166	
6,720	0,1880	159,71	150,09	-0,01185	
6,740	0,1880	159,56	150,10	-0,01200	
6,760	0,1880	159,56	150,09	-0,01200	
6,780	0,1880	159,62	150,09	-0,01186	
6,800	0,1880	159,62	150,09	-0,01177	
6,820	0,1880	159,61	150,09	-0,01176	
6,840	0,1880	159,61	150,09	-0,01179	
6,860	0,1880	159,57	150,09	-0,01188	
6,880	0,1880	159,61	150,09	-0,01194	
6,900	0,1880	159,67	150,09	-0,01194	
6,920	0,1880	159,64	150,09	-0,01190	
6,940	0,1880	159,65	150,09	-0,01183	
6,960	0,1881	159,69	150,09	-0,01176	
6,980	0,1881	159,67	150,09	-0,01169	
7,000	0,1881	159,59	150,09	-0,01173	
7,020	0,1880	159,65	150,09	-0,01185	
7,040	0,1881	159,70	150,09	-0,01192	
7,060	0,1881	159,68	150,09	-0,01191	
7,080	0,1880	159,70	150,09	-0,01184	
7,100	0,1878	159,67	150,09	-0,01174	
7,120	0,1875	159,59	150,09	-0,01169	
7,140	0,1874	159,61	150,09	-0,01167	
7,160	0,1874	159,59	150,09	-0,01178	
7,180	0,1874	159,63	150,09	-0,01192	
7,200	0,1874	159,70	150,09	-0,01201	
7,220	0,1874	159,73	150,09	-0,01200	
7,240	0,1874	159,82	150,09	-0,01189	
7,260	0,1874	160,79	150,09	-0,01169	
7,280	0,1874	161,18	150,09	-0,01157	
7,300	0,1874	160,42	150,09	-0,01161	
7,320	0,1874	159,88	150,09	-0,01176	
7,340	0,1874	159,72	150,09	-0,01190	
7,360	0,1874	159,67	150,09	-0,01193	
7,380	0,1874	159,70	150,09	-0,01188	
7,400	0,1874	159,66	150,09	-0,01176	
7,420	0,1874	159,59	150,09	-0,01176	
7,440	0,1874	159,62	150,09	-0,01177	
7,460	0,1874	159,70	150,10	-0,01181	
7,480	0,1874	159,76	150,09	-0,01189	
7,500	0,1874	159,75	150,10	-0,01186	
7,520	0,1874	159,71	150,10	-0,01185	
7,540	0,1874	159,61	150,09	-0,01182	
7,560	0,1874	159,59	150,09	-0,01176	
7,580	0,1874	159,61	150,09	-0,01170	
7,600	0,1874	159,61	150,09	-0,01169	
7,620	0,1874	159,62	150,09	-0,01181	
7,640	0,1874	159,62	150,09	-0,01192	
7,660	0,1874	159,63	150,09	-0,01192	
7,680	0,1874	159,67	150,09	-0,01184	
7,700	0,1874	159,69	150,09	-0,01177	
7,720	0,1874	159,69	150,09	-0,01175	
7,740	0,1874	159,70	150,09	-0,01175	
7,760	0,1874	159,72	150,09	-0,01179	
7,780	0,1874	159,72	150,09	-0,01183	
7,800	0,1874	159,66	150,09	-0,01187	
7,820	0,1874	159,62	150,09	-0,01184	
7,840	0,1874	159,67	150,09	-0,01174	
7,860	0,1874	159,70	150,09	-0,01167	
7,880	0,1874	159,75	150,09	-0,01161	
7,900	0,1874	159,73	150,09	-0,01165	
7,920	0,1874	159,68	150,09	-0,01174	
7,940	0,1874	159,69	150,09	-0,01186	
7,960	0,1874	159,64	150,09	-0,01193	
7,980	0,1874	159,59	150,09	-0,01194	
8,000	0,1874	159,59	150,10	-0,01184	
8,020	0,1874	159,67	150,09	-0,01169	
8,040	0,1874	159,73	150,09	-0,01169	
8,060	0,1874	159,72	150,10	-0,01180	
8,080	0,1874	159,67	150,09	-0,01191	
8,100	0,1874	159,98	150,09	-0,01191	
8,120	0,1874	160,45	150,09	-0,01189	
8,140	0,1872	160,07	150,09	-0,01183	
8,160	0,1869	159,68	150,09	-0,01171	
8,180	0,1867	159,65	150,09	-0,01161	
8,200	0,1867	159,64	150,09	-0,01167	
8,220	0,1867	159,61	150,09	-0,01182	
8,240	0,1867	159,66	150,10	-0,01193	
8,260	0,1867	159,67	150,09	-0,01195	
8,280	0,1868	159,71	150,09	-0,01192	
8,300	0,1868	159,73	150,09	-0,01186	
8,320	0,1867	159,64	150,09	-0,01181	
8,340	0,1867	159,60	150,09	-0,01179	
8,360	0,1867	159,70	150,09	-0,01182	
8,380	0,1867	159,73	150,09	-0,01184	
8,400	0,1867	159,71	150,10	-0,01187	
8,420	0,1867	159,62	150,10	-0,01191	
8,440	0,1867	159,53	150,10	-0,01187	
8,460	0,1867	159,54	150,10	-0,01176	
8,480	0,1867	159,60	150,10	-0,01161	
8,500	0,1867	159,60	150,10	-0,01157	
8,520	0,1867	159,59	150,10	-0,01166	
8,540	0,1867	159,60	150,10	-0,01178	
8,560	0,1867	159,55	150,10	-0,01185	
8,580	0,1867	159,53	150,10	-0,01189	
8,600	0,1867	159,95	150,10	-0,01180	
8,620	0,1867	160,40	150,09	-0,01173	
8,640	0,1867	160,00	150,09	-0,01167	
8,660	0,1867	160,01	150,09	-0,01162	
8,680	0,1867	160,36	150,09	-0,01168	
8,700	0,1867	160,09	150,09	-0,01182	
8,720	0,1867	159,75	150,09	-0,01189	
8,740	0,1867	159,53	150,09	-0,01187	
8,760	0,1867	159,50	150,09	-0,01186	
8,780	0,1867	159,57	150,10	-0,01183	
8,800	0,1867	159,56	150,09	-0,01177	
8,820	0,1867	159,54	150,09	-0,01173	
8,840	0,1867	159,64	150,09	-0,01178	
8,860	0,1867	159,71	150,09	-0,01187	
8,880	0,1867	159,72	150,09	-0,01183	
8,900	0,1867	159,80	150,09	-0,01174	
8,920	0,1867	159,81	150,09	-0,01164	
8,940	0,1867	159,74	150,09	-0,01158	
8,960	0,1867	159,72	150,09	-0,01154	
8,980	0,1867	159,66	150,09	-0,01165	
9,000	0,1867	159,70	150,09	-0,01183	
9,020	0,1867	159,74	150,09	-0,01188	
9,040	0,1867	159,66	150,09	-0,01186	
9,060	0,1867	159,62	150,09	-0,01181	
9,080	0,1867	159,69	150,09	-0,01177	
9,100	0,1867	159,70	150,09	-0,01172	
9,120	0,1867	159,64	150,09	-0,01175	
9,140	0,1867	159,60	150,09	-0,01185	
9,160	0,1867	159,59	150,09	-0,01192	
9,180	0,1867	159,66	150,09	-0,01183	
9,200	0,1867	159,78	150,09	-0,01169	
9,220	0,1867	159,78	150,09	-0,01157	
9,240	0,1867	159,73	150,09	-0,01152	
9,260	0,1867	160,08	150,09	-0,01158	
9,280	0,1865	160,57	150,09	-0,01171	
9,300	0,1862	160,24	150,09	-0,01184	
9,320	0,1860	159,90	150,09	-0,01189	
9,340	0,1860	159,74	150,09	-0,01186	
9,360	0,1860	159,75	150,09	-0,01180	
9,380	0,1860	159,80	150,09	-0,01166	
9,400	0,1860	159,79	150,10	-0,01152	
9,420	0,1860	159,79	150,09	-0,01159	
9,440	0,1860	159,82	150,09	-0,01178	
9,460	0,1860	159,85	150,09	-0,01186	
9,480	0,1861	159,83	150,09	-0,01181	
9,500	0,1860	159,77	150,09	-0,01178	
9,520	0,1860	159,76	150,09	-0,01169	
9,540	0,1860	159,79	150,09	-0,01154	
9,560	0,1860	159,86	150,09	-0,01154	
9,580	0,1860	159,90	150,09	-0,01167	
9,600	0,1860	159,90	150,09	-0,01186	
9,620	0,1860	159,90	150,09	-0,01196	
9,640	0,1860	159,89	150,09	-0,01193	
9,660	0,1860	159,80	150,09	-0,01179	
9,680	0,1860	159,85	150,09	-0,01174	
9,700	0,1860	159,96	150,09	-0,01171	
9,720	0,1860	159,96	150,09	-0,01168	
9,740	0,1860	159,84	150,09	-0,01176	
9,760	0,1860	159,79	150,09	-0,01182	
9,780	0,1860	159,75	150,09	-0,01187	
9,800	0,1860	159,77	150,09	-0,01180	
9,820	0,1860	159,83	150,09	-0,01164	
9,840	0,1860	159,87	150,09	-0,01154	
9,860	0,1860	159,93	150,09	-0,01157	
9,880	0,1860	159,97	150,10	-0,01169	
9,900	0,1861	159,92	150,09	-0,01180	
9,920	0,1860	159,86	150,09	-0,01187	
9,940	0,1860	159,83	150,09	-0,01184	
9,960	0,1860	159,80	150,09	-0,01179	
9,980	0,1860	159,91	150,10	-0,01170	
10,00	0,1858	160,62	150,14	-0,01164	
10,02	0,1858	156,07	150,13	-0,01167	
10,04	0,1860	145,35	150,11	-0,01179	
10,06	0,1860	132,63	150,09	-0,01197	
10,08	0,1862	120,64	150,09	-0,01212	
10,10	0,1868	109,57	150,09	-0,01213	
10,12	0,1882	103,38	150,09	-0,01204	
10,14	0,1901	102,51	150,09	-0,01188	
10,16	0,1918	103,84	150,09	-0,01183	
10,18	0,1934	105,80	150,09	-0,01190	
10,20	0,1950	108,30	150,09	-0,01200	
10,22	0,1967	111,41	150,09	-0,01206	
10,24	0,1984	114,63	150,09	-0,01202	
10,26	0,1999	117,56	150,09	-0,01197	
10,28	0,2013	119,13	150,10	-0,01193	
10,30	0,2025	119,52	150,09	-0,01185	
10,32	0,2036	119,52	150,09	-0,01187	
10,34	0,2047	119,12	150,09	-0,01196	
10,36	0,2060	117,65	150,09	-0,01208	
10,38	0,2073	116,53	150,09	-0,01213	
10,40	0,2086	116,18	150,09	-0,01207	
10,42	0,2100	116,17	150,09	-0,01197	
10,44	0,2113	116,20	150,09	-0,01193	
10,46	0,2127	116,12	150,09	-0,01190	
10,48	0,2140	116,07	150,09	-0,01187	
10,50	0,2153	116,08	150,10	-0,01201	
10,52	0,2163	116,11	150,10	-0,01211	
10,54	0,2175	116,11	150,09	-0,01212	
10,56	0,2187	116,15	150,09	-0,01208	
10,58	0,2200	116,16	150,09	-0,01198	
10,60	0,2214	116,12	150,09	-0,01189	
10,62	0,2227	116,13	150,09	-0,01186	
10,64	0,2242	116,12	150,09	-0,01194	
10,66	0,2258	116,12	150,09	-0,01203	
10,68	0,2274	116,14	150,09	-0,01206	
10,70	0,2288	116,10	150,09	-0,01201	
10,72	0,2299	116,07	150,09	-0,01194	
10,74	0,2312	116,09	150,09	-0,01187	
10,76	0,2327	116,16	150,09	-0,01177	
10,78	0,2341	116,16	150,09	-0,01181	
10,80	0,2355	116,17	150,09	-0,01196	
10,82	0,2368	116,18	150,09	-0,01205	
10,84	0,2382	116,13	150,09	-0,01208	
10,86	0,2395	116,10	150,09	-0,01203	
10,88	0,2409	116,12	150,09	-0,01192	
10,90	0,2422	116,13	150,09	-0,01189	
10,92	0,2435	116,17	150,09	-0,01191	
10,94	0,2449	116,25	150,09	-0,01200	
10,96	0,2462	116,19	150,09	-0,01208	
10,98	0,2476	115,19	150,09	-0,01210	
11,00	0,2489	113,66	150,09	-0,01210	
11,02	0,2503	112,91	150,09	-0,01205	
11,04	0,2517	112,86	150,09	-0,01188	
11,06	0,2533	112,95	150,09	-0,01180	
11,08	0,2549	113,01	150,09	-0,01186	
11,10	0,2563	112,96	150,09	-0,01193	
11,12	0,2577	112,86	150,09	-0,01199	
11,14	0,2590	112,78	150,09	-0,01199	
11,16	0,2603	112,79	150,09	-0,01198	
11,18	0,2617	112,82	150,09	-0,01192	
11,20	0,2631	112,80	150,09	-0,01187	
11,22	0,2647	112,81	150,09	-0,01183	
11,24	0,2663	112,86	150,09	-0,01194	
11,26	0,2678	112,93	150,09	-0,01210	
11,28	0,2691	112,94	150,09	-0,01211	
11,30	0,2704	112,89	150,09	-0,01197	
11,32	0,2720	112,87	150,09	-0,01184	
11,34	0,2736	112,84	150,09	-0,01182	
11,36	0,2751	112,82	150,09	-0,01184	
11,38	0,2765	112,78	150,09	-0,01191	
11,40	0,2778	111,85	150,09	-0,01198	
11,42	0,2792	110,40	150,09	-0,01207	
11,44	0,2808	109,97	150,09	-0,01210	
11,46	0,2824	111,22	150,09	-0,01202	
11,48	0,2838	112,42	150,09	-0,01190	
11,50	0,2852	112,79	150,09	-0,01184	
11,52	0,2865	111,77	150,09	-0,01180	
11,54	0,2881	110,22	150,09	-0,01187	
11,56	0,2897	109,49	150,09	-0,01201	
11,58	0,2912	109,36	150,09	-0,01212	
11,60	0,2926	109,41	150,09	-0,01207	
11,62	0,2941	109,43	150,09	-0,01197	
11,64	0,2957	109,44	150,09	-0,01187	
11,66	0,2972	109,45	150,09	-0,01178	
11,68	0,2986	109,46	150,09	-0,01182	
11,70	0,3001	109,44	150,09	-0,01196	
11,72	0,3018	109,50	150,09	-0,01208	
11,74	0,3033	109,53	150,09	-0,01205	
11,76	0,3048	109,54	150,09	-0,01191	
11,78	0,3065	109,51	150,09	-0,01181	
11,80	0,3080	109,47	150,09	-0,01178	
11,82	0,3095	109,46	150,09	-0,01175	
11,84	0,3112	109,46	150,09	-0,01179	
11,86	0,3126	109,48	150,09	-0,01192	
11,88	0,3140	109,51	150,09	-0,01202	
11,90	0,3156	109,45	150,09	-0,01203	
11,92	0,3172	109,40	150,09	-0,01203	
11,94	0,3187	109,08	150,09	-0,01200	
11,96	0,3203	107,67	150,09	-0,01196	
11,98	0,3219	106,51	150,12	-0,01189	
12,00	0,3235	106,13	150,48	-0,01192	
12,02	0,3251	106,12	151,29	-0,01200	
12,04	0,3267	106,10	152,08	-0,01202	
12,06	0,3282	106,05	152,93	-0,01195	
12,08	0,3299	105,96	154,24	-0,01190	
12,10	0,3314	105,92	155,70	-0,01182	
12,12	0,3329	105,92	157,56	-0,01176	
12,14	0,3346	105,87	159,56	-0,01182	
12,16	0,3362	105,92	161,31	-0,01194	
12,18	0,3379	105,96	163,18	-0,01202	
12,20	0,3396	105,98	165,03	-0,01196	
12,22	0,3413	105,96	166,35	-0,01190	
12,24	0,3429	105,97	167,30	-0,01189	
12,26	0,3445	105,95	168,28	-0,01187	
12,28	0,3461	105,95	169,10	-0,01185	
12,30	0,3477	105,98	170,14	-0,01194	
12,32	0,3493	105,98	171,55	-0,01205	
12,34	0,3510	105,92	173,27	-0,01207	
12,36	0,3527	105,88	175,20	-0,01200	
12,38	0,3543	105,86	176,77	-0,01185	
12,40	0,3559	105,88	178,05	-0,01178	
12,42	0,3575	105,93	179,27	-0,01185	
12,44	0,3592	105,94	180,64	-0,01195	
12,46	0,3610	105,32	181,99	-0,01204	
12,48	0,3627	104,92	183,41	-0,01206	
12,50	0,3643	103,89	184,96	-0,01199	
12,52	0,3660	102,98	186,60	-0,01184	
12,54	0,3677	102,62	188,14	-0,01173	
12,56	0,3695	102,56	189,33	-0,01179	
12,58	0,3713	102,59	190,57	-0,01190	
12,60	0,3730	102,63	191,87	-0,01195	
12,62	0,3747	103,00	193,17	-0,01200	
12,64	0,3764	104,48	194,44	-0,01202	
12,66	0,3782	105,36	195,76	-0,01176	
12,68	0,3799	104,31	197,06	-0,01092	
12,70	0,3816	103,14	198,24	-0,01030	
12,72	0,3832	102,66	199,47	-0,01014	
12,74	0,3849	102,59	200,96	-0,01026	
12,76	0,3867	102,64	202,61	-0,01041	
12,78	0,3884	102,72	204,15	-0,01046	
12,80	0,3901	102,75	205,59	-0,01045	
12,82	0,3919	102,74	206,97	-0,01030	
12,84	0,3936	102,73	208,41	-0,01016	
12,86	0,3954	102,63	209,79	-0,01014	
12,88	0,3972	101,59	211,18	-0,01031	
12,90	0,3990	100,08	212,63	-0,01087	
12,92	0,4008	99,32	214,08	-0,01160	
12,94	0,4026	99,11	215,49	-0,01197	
12,96	0,4044	99,16	216,97	-0,01192	
12,98	0,4062	99,17	218,42	-0,01182	
13,00	0,4080	99,16	219,82	-0,01177	
13,02	0,4098	100,14	221,21	-0,01186	
13,04	0,4117	101,68	222,64	-0,01200	
13,06	0,4136	102,13	224,10	-0,01209	
13,08	0,4153	100,89	225,57	-0,01203	
13,10	0,4170	99,66	227,01	-0,01195	
13,12	0,4187	99,25	228,42	-0,01189	
13,14	0,4206	99,19	229,82	-0,01188	
13,16	0,4225	99,10	231,22	-0,01186	
13,18	0,4243	99,04	232,63	-0,01190	
13,20	0,4261	99,04	234,09	-0,01205	
13,22	0,4280	99,07	235,55	-0,01211	
13,24	0,4299	99,09	236,98	-0,01202	
13,26	0,4317	99,16	238,41	-0,01192	
13,28	0,4336	99,17	239,87	-0,01185	
13,30	0,4355	99,03	241,33	-0,01176	
13,32	0,4375	98,39	242,75	-0,01181	
13,34	0,4394	101,90	244,10	-0,01195	
13,36	0,4412	112,39	245,30	-0,01206	
13,38	0,4430	125,96	246,30	-0,01205	
13,40	0,4448	139,41	247,11	-0,01186	
13,42	0,4460	150,98	247,80	-0,01176	
13,44	0,4466	158,20	248,36	-0,01175	
13,46	0,4467	158,89	248,79	-0,01177	
13,48	0,4466	155,83	249,08	-0,01188	
13,50	0,4466	153,62	249,31	-0,01201	
13,52	0,4466	153,36	249,48	-0,01200	
13,54	0,4467	154,82	249,63	-0,01184	
13,56	0,4470	156,98	249,75	-0,01172	
13,58	0,4473	159,85	249,88	-0,01161	
13,60	0,4473	163,11	250,02	-0,01159	
13,62	0,4473	165,66	250,09	-0,01172	
13,64	0,4473	167,24	250,12	-0,01189	
13,66	0,4472	168,26	250,14	-0,01200	
13,68	0,4471	167,17	250,19	-0,01203	
13,70	0,4469	162,29	250,29	-0,01202	
13,72	0,4467	153,01	250,50	-0,01190	
13,74	0,4466	140,62	250,94	-0,01182	
13,76	0,4467	127,17	251,57	-0,01183	
13,78	0,4471	114,36	252,35	-0,01184	
13,80	0,4479	104,98	253,21	-0,01194	
13,82	0,4491	99,30	254,17	-0,01208	
13,84	0,4507	96,55	255,21	-0,01211	
13,86	0,4523	95,36	256,33	-0,01202	
13,88	0,4542	93,31	257,49	-0,01190	
13,90	0,4559	94,31	258,68	-0,01177	
13,92	0,4575	102,86	259,77	-0,01179	
13,94	0,4592	115,71	260,64	-0,01194	
13,96	0,4609	129,12	261,31	-0,01207	
13,98	0,4623	141,19	261,84	-0,01204	
14,00	0,4632	150,81	262,28	-0,01187	
14,02	0,4634	155,12	262,62	-0,01179	
14,04	0,4634	154,76	262,87	-0,01173	
14,06	0,4634	154,38	263,05	-0,01177	
14,08	0,4634	155,73	263,18	-0,01191	
14,10	0,4636	158,38	263,29	-0,01199	
14,12	0,4639	161,22	263,36	-0,01203	
14,14	0,4640	163,29	263,40	-0,01198	
14,16	0,4640	165,01	263,46	-0,01195	
14,18	0,4639	162,61	263,54	-0,01189	
14,20	0,4637	155,65	263,74	-0,01179	
14,22	0,4635	145,37	264,18	-0,01175	
14,24	0,4634	133,47	265,25	-0,01171	
14,26	0,4637	120,60	267,04	-0,01178	
14,28	0,4646	109,94	269,40	-0,01197	
14,30	0,4656	107,80	271,02	-0,01200	
14,32	0,4668	114,59	271,50	-0,01189	
14,34	0,4683	125,35	271,54	-0,01180	
14,36	0,4697	136,75	271,51	-0,01184	
14,38	0,4705	147,36	271,47	-0,01191	
14,40	0,4708	152,80	271,50	-0,01200	
14,42	0,4708	152,17	271,42	-0,01202	
14,44	0,4707	151,05	271,39	-0,01202	
14,46	0,4712	146,60	271,95	-0,01201	
14,48	0,4715	141,43	272,46	-0,01190	
14,50	0,4717	139,98	272,84	-0,01179	
14,52	0,4720	139,33	273,37	-0,01170	
14,54	0,4725	137,86	273,86	-0,01173	
14,56	0,4731	137,56	274,51	-0,01191	
14,58	0,4737	138,30	275,23	-0,01201	
14,60	0,4740	139,98	275,57	-0,01200	
14,62	0,4744	141,43	275,84	-0,01192	
14,64	0,4749	138,87	276,56	-0,01183	
14,66	0,4754	133,46	277,50	-0,01180	
14,68	0,4756	130,74	278,15	-0,01183	
14,70	0,4759	129,57	278,41	-0,01190	
14,72	0,4764	126,75	278,74	-0,01195	
14,74	0,4772	123,96	279,30	-0,01196	
14,76	0,4778	122,84	279,89	-0,01189	
14,78	0,4782	120,35	280,60	-0,01176	
14,80	0,4784	115,52	281,22	-0,01173	
14,82	0,4788	113,27	281,58	-0,01176	
14,84	0,4794	115,04	281,92	-0,01187	
14,86	0,4802	114,67	282,63	-0,01196	
14,88	0,4809	111,83	283,48	-0,01202	
14,90	0,4814	110,33	284,12	-0,01199	
14,92	0,4820	108,37	284,51	-0,01188	
14,94	0,4825	107,37	284,81	-0,01180	
14,96	0,4831	108,02	285,29	-0,01174	
14,98	0,4837	106,35	286,05	-0,01173	
15,00	0,4842	103,22	286,79	-0,01182	
15,02	0,4845	102,42	287,18	-0,01199	
15,04	0,4849	101,48	287,53	-0,01202	
15,06	0,4855	98,41	288,10	-0,01190	
15,08	0,4863	95,84	288,88	-0,01181	
15,10	0,4868	94,99	289,49	-0,01175	
15,12	0,4873	94,61	289,83	-0,01172	
15,14	0,4878	94,22	290,13	-0,01181	
15,16	0,4885	93,72	290,77	-0,01193	
15,18	0,4893	92,02	291,65	-0,01194	
15,20	0,4898	90,45	292,27	-0,01191	
15,22	0,4903	90,38	292,52	-0,01190	
15,24	0,4909	89,75	292,88	-0,01176	
15,26	0,4916	87,44	293,59	-0,01164	
15,28	0,4922	85,48	294,46	-0,01170	
15,30	0,4927	84,22	295,09	-0,01183	
15,32	0,4931	83,31	295,46	-0,01200	
15,34	0,4936	82,24	295,77	-0,01203	
15,36	0,4942	82,11	296,23	-0,01193	
15,38	0,4950	81,61	296,97	-0,01178	
15,40	0,4956	79,02	297,76	-0,01168	
15,42	0,4960	76,84	298,20	-0,01174	
15,44	0,4964	76,50	298,49	-0,01189	
15,46	0,4969	75,19	298,99	-0,01201	
15,48	0,4976	74,42	299,62	-0,01203	
15,50	0,4983	73,48	300,29	-0,01200	
15,52	0,4987	70,85	300,86	-0,01187	
15,54	0,4991	68,45	301,21	-0,01179	
15,56	0,4997	66,73	301,76	-0,01177	
15,58	0,5004	64,58	302,49	-0,01178	
15,60	0,5010	64,35	303,10	-0,01183	
15,62	0,5014	65,05	303,50	-0,01188	
15,64	0,5018	63,55	303,92	-0,01188	
15,66	0,5024	61,37	304,48	-0,01185	
15,68	0,5031	61,05	305,08	-0,01188	
15,70	0,5036	61,58	305,61	-0,01183	
15,72	0,5041	59,86	306,15	-0,01174	
15,74	0,5048	58,52	306,73	-0,01179	
15,76	0,5054	59,31	307,23	-0,01191	
15,78	0,5060	58,59	307,83	-0,01203	
15,80	0,5066	56,31	308,50	-0,01199	
15,82	0,5071	56,35	309,00	-0,01186	
15,84	0,5077	58,10	309,35	-0,01175	
15,86	0,5084	57,05	309,91	-0,01169	
15,88	0,5090	53,60	310,74	-0,01169	
15,90	0,5096	53,13	311,38	-0,01175	
15,92	0,5101	55,43	311,67	-0,01185	
15,94	0,5107	56,03	312,02	-0,01191	
15,96	0,5114	53,94	312,73	-0,01185	
15,98	0,5122	52,21	313,55	-0,01176	
16,00	0,5126	53,53	314,03	-0,01173	
16,02	0,5131	55,12	314,32	-0,01175	
16,04	0,5138	53,19	314,85	-0,01181	
16,06	0,5145	50,74	315,58	-0,01192	
16,08	0,5151	51,77	316,19	-0,01199	
16,10	0,5155	53,58	316,55	-0,01198	
16,12	0,5161	52,18	317,02	-0,01195	
16,14	0,5168	48,82	317,79	-0,01188	
16,16	0,5175	48,53	318,43	-0,01174	
16,18	0,5180	50,74	318,87	-0,01169	
16,20	0,5185	50,52	319,26	-0,01179	
16,22	0,5191	48,80	319,76	-0,01196	
16,24	0,5197	47,89	320,49	-0,01198	
16,26	0,5202	48,47	321,09	-0,01191	
16,28	0,5206	48,86	321,48	-0,01180	
16,30	0,5212	47,89	321,96	-0,01176	
16,32	0,5219	45,72	322,63	-0,01172	
16,34	0,5226	45,19	323,28	-0,01174	
16,36	0,5231	46,55	323,72	-0,01183	
16,38	0,5235	46,87	324,12	-0,01192	
16,40	0,5242	44,27	324,79	-0,01193	
16,42	0,5249	42,19	325,56	-0,01190	
16,44	0,5254	43,35	326,02	-0,01182	
16,46	0,5258	45,62	326,32	-0,01173	
16,48	0,5265	43,98	326,92	-0,01169	
16,50	0,5273	41,54	327,67	-0,01176	
16,52	0,5278	42,87	328,22	-0,01192	
16,54	0,5283	44,22	328,62	-0,01201	
16,56	0,5289	42,42	329,08	-0,01200	
16,58	0,5295	40,71	329,64	-0,01189	
16,60	0,5301	40,90	330,30	-0,01171	
16,62	0,5307	40,68	330,89	-0,01165	
16,64	0,5311	41,00	331,33	-0,01176	
16,66	0,5316	41,43	331,80	-0,01192	
16,68	0,5323	40,86	332,44	-0,01206	
16,70	0,5330	41,56	333,01	-0,01208	
16,72	0,5336	43,00	333,51	-0,01203	
16,74	0,5341	42,15	334,03	-0,01191	
16,76	0,5347	40,52	334,60	-0,01180	
16,78	0,5353	40,15	335,19	-0,01170	
16,80	0,5360	40,48	335,71	-0,01172	
16,82	0,5365	40,95	336,18	-0,01189	
16,84	0,5370	40,54	336,75	-0,01194	
16,86	0,5377	39,62	337,40	-0,01191	
16,88	0,5383	40,22	337,97	-0,01188	
16,90	0,5389	42,14	338,44	-0,01175	
16,92	0,5394	42,67	339,00	-0,01161	
16,94	0,5400	42,28	339,61	-0,01159	
16,96	0,5406	44,24	340,15	-0,01176	
16,98	0,5413	45,70	340,68	-0,01197	
17,00	0,5420	45,13	341,23	-0,01203	
17,02	0,5426	45,62	341,75	-0,01196	
17,04	0,5430	48,60	342,22	-0,01184	
17,06	0,5437	49,64	342,78	-0,01175	
17,08	0,5443	49,45	343,37	-0,01170	
17,10	0,5448	50,32	343,89	-0,01174	
17,12	0,5454	50,28	344,50	-0,01190	
17,14	0,5459	49,92	345,05	-0,01196	
17,16	0,5464	51,60	345,47	-0,01187	
17,18	0,5469	53,10	346,04	-0,01177	
17,20	0,5475	51,58	346,75	-0,01167	
17,22	0,5481	50,72	347,34	-0,01155	
17,24	0,5485	52,41	347,76	-0,01159	
17,26	0,5490	53,24	348,21	-0,01175	
17,28	0,5497	51,98	348,85	-0,01189	
17,30	0,5504	51,51	349,56	-0,01192	
17,32	0,5509	52,62	350,03	-0,01189	
17,34	0,5513	53,86	350,37	-0,01184	
17,36	0,5519	52,24	351,05	-0,01178	
17,38	0,5526	49,79	351,88	-0,01176	
17,40	0,5531	51,56	352,40	-0,01178	
17,42	0,5535	53,54	352,71	-0,01184	
17,44	0,5540	51,75	353,16	-0,01187	
17,46	0,5548	49,16	353,86	-0,01191	
17,48	0,5554	50,58	354,51	-0,01186	
17,50	0,5557	53,45	354,91	-0,01169	
17,52	0,5561	53,91	355,33	-0,01162	
17,54	0,5568	51,41	355,97	-0,01170	
17,56	0,5575	51,87	356,59	-0,01184	
17,58	0,5579	55,21	357,05	-0,01191	
17,60	0,5584	55,44	357,54	-0,01189	
17,62	0,5589	51,55	358,22	-0,01181	
17,64	0,5596	50,87	358,86	-0,01170	
17,66	0,5601	54,55	359,26	-0,01165	
17,68	0,5606	55,73	359,74	-0,01166	
17,70	0,5612	53,42	360,43	-0,01173	
17,72	0,5618	53,45	361,02	-0,01185	
17,74	0,5622	56,88	361,40	-0,01195	
17,76	0,5628	56,98	361,92	-0,01189	
17,78	0,5635	53,96	362,61	-0,01175	
17,80	0,5640	55,08	363,18	-0,01169	
17,82	0,5644	58,08	363,61	-0,01177	
17,84	0,5649	57,05	364,13	-0,01181	
17,86	0,5656	54,37	364,80	-0,01185	
17,88	0,5661	56,04	365,38	-0,01191	
17,90	0,5665	58,84	365,80	-0,01196	
17,92	0,5671	58,53	366,32	-0,01196	
17,94	0,5677	56,97	366,99	-0,01184	
17,96	0,5682	57,89	367,56	-0,01165	
17,98	0,5687	59,96	368,00	-0,01158	
18,00	0,5692	59,55	368,52	-0,01172	
18,02	0,5698	57,80	369,15	-0,01185	
18,04	0,5704	58,50	369,72	-0,01188	
18,06	0,5709	61,31	370,15	-0,01185	
18,08	0,5714	62,15	370,68	-0,01177	
18,10	0,5720	61,08	371,33	-0,01168	
18,12	0,5725	62,29	371,87	-0,01164	
18,14	0,5730	63,51	372,36	-0,01168	
18,16	0,5735	62,47	372,95	-0,01178	
18,18	0,5740	61,49	373,55	-0,01189	
18,20	0,5745	63,19	374,04	-0,01197	
18,22	0,5750	64,67	374,56	-0,01196	
18,24	0,5755	64,64	375,13	-0,01182	
18,26	0,5759	65,29	375,64	-0,01169	
18,28	0,5765	66,76	376,18	-0,01164	
18,30	0,5770	66,69	376,75	-0,01168	
18,32	0,5775	66,28	377,28	-0,01178	
18,34	0,5779	66,97	377,84	-0,01193	
18,36	0,5785	67,10	378,45	-0,01191	
18,38	0,5790	67,72	378,98	-0,01181	
18,40	0,5795	69,69	379,45	-0,01170	
18,42	0,5799	69,95	380,01	-0,01163	
18,44	0,5804	69,30	380,63	-0,01165	
18,46	0,5809	70,30	381,17	-0,01173	
18,48	0,5813	71,65	381,63	-0,01185	
18,50	0,5817	70,70	382,19	-0,01190	
18,52	0,5824	68,30	382,91	-0,01189	
18,54	0,5829	68,46	383,50	-0,01182	
18,56	0,5831	71,16	383,90	-0,01173	
18,58	0,5836	71,35	384,41	-0,01168	
18,60	0,5842	69,29	385,02	-0,01175	
18,62	0,5847	70,39	385,53	-0,01194	
18,64	0,5851	71,76	386,05	-0,01198	
18,66	0,5856	70,02	386,63	-0,01196	
18,68	0,5860	69,27	387,19	-0,01189	
18,70	0,5864	71,63	387,66	-0,01176	
18,72	0,5869	72,91	388,18	-0,01168	
18,74	0,5874	71,76	388,82	-0,01168	
18,76	0,5878	71,70	389,43	-0,01175	
18,78	0,5882	73,38	389,88	-0,01183	
18,80	0,5887	73,78	390,41	-0,01187	
18,82	0,5892	71,56	391,09	-0,01188	
18,84	0,5896	71,07	391,66	-0,01179	
18,86	0,5900	73,77	392,11	-0,01165	
18,88	0,5905	74,46	392,62	-0,01160	
18,90	0,5909	73,83	393,20	-0,01169	
18,92	0,5914	74,79	393,76	-0,01188	
18,94	0,5917	75,81	394,27	-0,01194	
18,96	0,5921	74,39	394,79	-0,01185	
18,98	0,5925	73,00	395,37	-0,01178	
19,00	0,5930	73,41	395,96	-0,01166	
19,02	0,5934	74,36	396,48	-0,01157	
19,04	0,5938	75,33	396,97	-0,01162	
19,06	0,5943	74,86	397,55	-0,01180	
19,08	0,5948	74,46	398,17	-0,01189	
19,10	0,5952	75,91	398,67	-0,01191	
19,12	0,5955	77,14	399,15	-0,01184	
19,14	0,5959	75,95	399,73	-0,01167	
19,16	0,5963	74,78	400,36	-0,01155	
19,18	0,5968	75,69	400,89	-0,01154	
19,20	0,5972	76,41	401,38	-0,01162	
19,22	0,5976	75,10	401,92	-0,01177	
19,24	0,5981	73,84	402,51	-0,01185	
19,26	0,5985	75,47	403,04	-0,01188	
19,28	0,5989	76,90	403,57	-0,01176	
19,30	0,5993	75,96	404,16	-0,01162	
19,32	0,5997	74,99	404,74	-0,01157	
19,34	0,6001	75,98	405,25	-0,01161	
19,36	0,6005	77,22	405,78	-0,01174	
19,38	0,6010	77,64	406,34	-0,01187	
19,40	0,6014	77,81	406,85	-0,01192	
19,42	0,6018	77,75	407,40	-0,01186	
19,44	0,6022	76,88	408,01	-0,01175	
19,46	0,6025	77,18	408,51	-0,01168	
19,48	0,6030	78,96	409,01	-0,01168	
19,50	0,6035	78,44	409,62	-0,01178	
19,52	0,6039	77,33	410,22	-0,01188	
19,54	0,6043	78,19	410,73	-0,01192	
19,56	0,6046	78,59	411,24	-0,01184	
19,58	0,6050	77,73	411,78	-0,01175	
19,60	0,6055	78,22	412,35	-0,01166	
19,62	0,6059	79,42	412,90	-0,01164	
19,64	0,6063	79,92	413,44	-0,01173	
19,66	0,6066	80,08	414,00	-0,01190	
19,68	0,6070	80,67	414,53	-0,01199	
19,70	0,6075	81,03	415,06	-0,01196	
19,72	0,6079	80,95	415,63	-0,01184	
19,74	0,6083	80,89	416,21	-0,01170	
19,76	0,6087	81,25	416,76	-0,01163	
19,78	0,6090	81,81	417,27	-0,01167	
19,80	0,6095	81,59	417,79	-0,01179	
19,82	0,6099	81,24	418,34	-0,01194	
19,84	0,6103	81,81	418,91	-0,01197	
19,86	0,6107	82,56	419,47	-0,01187	
19,88	0,6111	82,58	420,01	-0,01172	
19,90	0,6115	82,85	420,53	-0,01163	
19,92	0,6118	83,01	421,08	-0,01165	
19,94	0,6122	83,14	421,67	-0,01174	
19,96	0,6126	83,32	422,21	-0,01184	
19,98	0,6130	83,66	422,73	-0,01192	
20,00	0,6133	84,25	423,27	-0,01193	
20,02	0,6137	84,64	423,84	-0,01185	
20,04	0,6141	85,74	424,37	-0,01178	
20,06	0,6145	86,28	424,91	-0,01169	
20,08	0,6149	85,58	425,47	-0,01171	
20,10	0,6152	85,38	426,01	-0,01186	
20,12	0,6155	86,70	426,54	-0,01196	
20,14	0,6159	87,40	427,08	-0,01196	
20,16	0,6164	86,88	427,67	-0,01187	
20,18	0,6167	86,47	428,25	-0,01180	
20,20	0,6171	86,60	428,77	-0,01176	
20,22	0,6174	85,79	429,29	-0,01171	
20,24	0,6178	85,03	429,83	-0,01180	
20,26	0,6182	85,81	430,39	-0,01194	
20,28	0,6185	86,07	430,99	-0,01195	
20,30	0,6189	85,74	431,53	-0,01186	
20,32	0,6193	86,36	432,03	-0,01180	
20,34	0,6197	86,66	432,57	-0,01169	
20,36	0,6201	86,87	433,15	-0,01166	
20,38	0,6204	87,55	433,68	-0,01170	
20,40	0,6207	87,30	434,21	-0,01176	
20,42	0,6211	86,14	434,80	-0,01177	
20,44	0,6216	85,86	435,36	-0,01181	
20,46	0,6219	87,11	435,85	-0,01186	
20,48	0,6223	87,44	436,40	-0,01176	
20,50	0,6226	86,25	437,00	-0,01163	
20,52	0,6229	86,45	437,54	-0,01159	
20,54	0,6233	87,32	438,06	-0,01168	
20,56	0,6237	86,86	438,61	-0,01181	
20,58	0,6241	86,21	439,16	-0,01195	
20,60	0,6245	86,85	439,71	-0,01198	
20,62	0,6249	87,00	440,27	-0,01185	
20,64	0,6252	87,11	440,81	-0,01171	
20,66	0,6256	87,98	441,36	-0,01161	
20,68	0,6259	87,92	441,93	-0,01166	
20,70	0,6263	88,00	442,47	-0,01179	
20,72	0,6267	89,04	442,97	-0,01187	
20,74	0,6271	88,85	443,55	-0,01195	
20,76	0,6275	87,59	444,15	-0,01191	
20,78	0,6278	89,28	444,66	-0,01180	
20,80	0,6282	91,17	445,18	-0,01178	
20,82	0,6286	90,04	445,76	-0,01177	
20,84	0,6290	89,33	446,31	-0,01181	
20,86	0,6293	89,95	446,84	-0,01188	
20,88	0,6296	89,35	447,38	-0,01190	
20,90	0,6301	89,13	447,91	-0,01189	
20,92	0,6305	90,16	448,45	-0,01186	
20,94	0,6308	90,36	449,01	-0,01172	
20,96	0,6312	90,43	449,56	-0,01168	
20,98	0,6316	90,93	450,08	-0,01170	
21,00	0,6320	91,24	450,62	-0,01180	
21,02	0,6323	90,88	451,21	-0,01191	
21,04	0,6327	90,20	451,81	-0,01190	
21,06	0,6330	90,74	452,33	-0,01187	
21,08	0,6333	91,57	452,82	-0,01179	
21,10	0,6337	90,77	453,39	-0,01167	
21,12	0,6342	90,21	453,97	-0,01159	
21,14	0,6345	91,28	454,49	-0,01160	
21,16	0,6348	91,94	455,00	-0,01170	
21,18	0,6352	91,28	455,58	-0,01184	
21,20	0,6356	90,32	456,18	-0,01185	
21,22	0,6358	90,58	456,71	-0,01176	
21,24	0,6362	91,00	457,21	-0,01166	
21,26	0,6366	91,15	457,75	-0,01160	
21,28	0,6370	91,10	458,32	-0,01161	
21,30	0,6374	91,00	458,88	-0,01171	
21,32	0,6377	91,03	459,42	-0,01183	
21,34	0,6381	91,19	459,95	-0,01184	
21,36	0,6385	91,95	460,50	-0,01178	
21,38	0,6389	92,92	461,04	-0,01177	
21,40	0,6392	93,51	461,57	-0,01176	
21,42	0,6396	92,52	462,19	-0,01170	
21,44	0,6399	91,16	462,74	-0,01170	
21,46	0,6402	91,97	463,21	-0,01182	
21,48	0,6405	92,72	463,76	-0,01193	
21,50	0,6409	91,90	464,34	-0,01192	
21,52	0,6412	92,15	464,89	-0,01183	
21,54	0,6416	92,59	465,45	-0,01174	
21,56	0,6419	91,85	466,01	-0,01169	
21,58	0,6423	91,89	466,52	-0,01168	
21,60	0,6427	91,74	467,08	-0,01181	
21,62	0,6431	91,23	467,64	-0,01192	
21,64	0,6434	91,32	468,17	-0,01189	
21,66	0,6437	91,97	468,68	-0,01181	
21,68	0,6442	91,57	469,25	-0,01172	
21,70	0,6446	90,98	469,85	-0,01165	
21,72	0,6449	91,53	470,39	-0,01164	
21,74	0,6453	91,80	470,92	-0,01171	
21,76	0,6457	90,88	471,46	-0,01182	
21,78	0,6461	90,46	472,01	-0,01188	
21,80	0,6464	91,33	472,56	-0,01187	
21,82	0,6468	91,47	473,09	-0,01179	
21,84	0,6471	91,32	473,61	-0,01169	
21,86	0,6475	91,10	474,18	-0,01168	
21,88	0,6479	91,00	474,74	-0,01170	
21,90	0,6483	91,16	475,27	-0,01178	
21,92	0,6486	90,52	475,85	-0,01188	
21,94	0,6489	90,23	476,41	-0,01188	
21,96	0,6492	91,45	476,92	-0,01173	
21,98	0,6495	92,04	477,44	-0,01157	
22,00	0,6499	91,53	478,01	-0,01152	
22,02	0,6504	91,21	478,59	-0,01160	
22,04	0,6508	91,11	479,14	-0,01176	
22,06	0,6511	91,23	479,67	-0,01180	
22,08	0,6514	91,28	480,20	-0,01174	
22,10	0,6518	90,76	480,79	-0,01171	
22,12	0,6521	90,53	481,32	-0,01169	
22,14	0,6524	91,51	481,86	-0,01166	
22,16	0,6529	91,36	482,43	-0,01163	
22,18	0,6533	90,63	482,94	-0,01167	
22,20	0,6536	90,12	483,47	-0,01185	
22,22	0,6540	89,09	484,05	-0,01200	
22,24	0,6543	88,50	484,59	-0,01195	
22,26	0,6546	89,20	485,13	-0,01181	
22,28	0,6550	88,96	485,71	-0,01166	
22,30	0,6553	88,55	486,25	-0,01159	
22,32	0,6558	89,31	486,77	-0,01164	
22,34	0,6561	89,23	487,30	-0,01175	
22,36	0,6565	88,39	487,86	-0,01190	
22,38	0,6568	88,39	488,39	-0,01198	
22,40	0,6571	88,52	488,94	-0,01190	
22,42	0,6576	88,05	489,52	-0,01171	
22,44	0,6580	87,72	490,08	-0,01158	
22,46	0,6583	87,80	490,60	-0,01156	
22,48	0,6587	87,70	491,13	-0,01168	
22,50	0,6590	86,99	491,71	-0,01184	
22,52	0,6593	87,20	492,24	-0,01188	
22,54	0,6596	87,51	492,77	-0,01190	
22,56	0,6601	86,68	493,38	-0,01184	
22,58	0,6605	86,07	493,92	-0,01173	
22,60	0,6608	87,11	494,41	-0,01167	
22,62	0,6612	86,20	495,02	-0,01172	
22,64	0,6616	84,70	495,57	-0,01185	
22,66	0,6620	85,10	496,06	-0,01191	
22,68	0,6623	84,33	496,62	-0,01190	
22,70	0,6627	82,52	497,18	-0,01184	
22,72	0,6632	82,86	497,71	-0,01172	
22,74	0,6635	83,04	498,27	-0,01160	
22,76	0,6639	82,19	498,82	-0,01156	
22,78	0,6642	82,84	499,35	-0,01162	
22,80	0,6645	83,67	499,89	-0,01176	
22,82	0,6649	83,01	500,43	-0,01185	
22,84	0,6654	82,54	500,99	-0,01184	
22,86	0,6657	82,45	501,55	-0,01174	
22,88	0,6661	82,35	502,09	-0,01169	
22,90	0,6665	81,93	502,65	-0,01156	
22,92	0,6669	81,11	503,23	-0,01158	
22,94	0,6672	81,12	503,76	-0,01173	
22,96	0,6676	81,56	504,30	-0,01180	
22,98	0,6681	80,77	504,85	-0,01182	
23,00	0,6685	80,92	505,37	-0,01177	
23,02	0,6689	81,47	505,91	-0,01169	
23,04	0,6693	80,81	506,47	-0,01162	
23,06	0,6696	80,83	507,01	-0,01162	
23,08	0,6700	80,77	507,56	-0,01176	
23,10	0,6704	79,33	508,15	-0,01189	
23,12	0,6708	78,26	508,71	-0,01195	
23,14	0,6712	79,38	509,19	-0,01189	
23,16	0,6715	79,95	509,75	-0,01173	
23,18	0,6720	78,63	510,37	-0,01164	
23,20	0,6723	78,78	510,87	-0,01164	
23,22	0,6727	79,55	511,37	-0,01169	
23,24	0,6733	77,66	512,03	-0,01185	
23,26	0,6737	77,16	512,57	-0,01199	
23,28	0,6741	78,55	513,08	-0,01207	
23,30	0,6745	77,32	513,66	-0,01194	
23,32	0,6748	75,86	514,17	-0,01174	
23,34	0,6752	77,44	514,66	-0,01164	
23,36	0,6757	77,57	515,24	-0,01163	
23,38	0,6762	75,94	515,81	-0,01176	
23,40	0,6766	76,08	516,31	-0,01192	
23,42	0,6769	76,31	516,85	-0,01191	
23,44	0,6773	75,39	517,45	-0,01182	
23,46	0,6777	76,02	517,96	-0,01174	
23,48	0,6781	77,03	518,49	-0,01169	
23,50	0,6787	75,05	519,14	-0,01169	
23,52	0,6791	73,42	519,68	-0,01174	
23,54	0,6795	75,07	520,16	-0,01185	
23,56	0,6800	74,58	520,77	-0,01194	
23,58	0,6804	73,56	521,31	-0,01196	
23,60	0,6808	74,54	521,80	-0,01183	
23,62	0,6812	73,55	522,40	-0,01170	
23,64	0,6816	71,66	522,94	-0,01162	
23,66	0,6820	72,37	523,45	-0,01156	
23,68	0,6825	72,53	524,02	-0,01161	
23,70	0,6829	72,08	524,53	-0,01180	
23,72	0,6833	72,49	525,10	-0,01191	
23,74	0,6839	71,42	525,71	-0,01187	
23,76	0,6842	71,15	526,17	-0,01173	
23,78	0,6846	71,52	526,71	-0,01162	
23,80	0,6852	69,65	527,36	-0,01163	
23,82	0,6856	69,28	527,87	-0,01174	
23,84	0,6860	70,59	528,36	-0,01184	
23,86	0,6865	68,87	528,92	-0,01189	
23,88	0,6869	66,92	529,48	-0,01197	
23,90	0,6873	68,12	529,99	-0,01192	
23,92	0,6878	67,92	530,56	-0,01180	
23,94	0,6883	65,97	531,14	-0,01170	
23,96	0,6887	66,79	531,62	-0,01168	
23,98	0,6892	67,19	532,20	-0,01176	
24,00	0,6898	65,35	532,85	-0,01188	
24,02	0,6903	66,25	533,32	-0,01195	
24,04	0,6907	67,67	533,82	-0,01193	
24,06	0,6913	65,56	534,47	-0,01187	
24,08	0,6916	65,43	534,98	-0,01177	
24,10	0,6920	67,20	535,49	-0,01171	
24,12	0,6926	65,53	536,10	-0,01167	
24,14	0,6929	64,13	536,60	-0,01172	
24,16	0,6934	65,58	537,13	-0,01180	
24,18	0,6939	64,24	537,75	-0,01185	
24,20	0,6944	63,25	538,25	-0,01176	
24,22	0,6949	64,06	538,76	-0,01169	
24,24	0,6955	62,46	539,34	-0,01167	
24,26	0,6960	61,81	539,84	-0,01160	
24,28	0,6965	62,91	540,37	-0,01159	
24,30	0,6970	61,64	540,99	-0,01165	
24,32	0,6975	59,96	541,55	-0,01180	
24,34	0,6980	60,81	542,02	-0,01189	
24,36	0,6985	60,76	542,59	-0,01190	
24,38	0,6992	58,83	543,19	-0,01178	
24,40	0,6996	59,56	543,64	-0,01166	
24,42	0,7001	60,98	544,18	-0,01167	
24,44	0,7007	58,37	544,89	-0,01180	
24,46	0,7011	58,06	545,43	-0,01191	
24,48	0,7016	59,45	545,94	-0,01192	
24,50	0,7022	57,31	546,51	-0,01183	
24,52	0,7027	56,35	546,93	-0,01171	
24,54	0,7032	57,33	547,47	-0,01168	
24,56	0,7038	55,40	548,15	-0,01163	
24,58	0,7042	53,81	548,68	-0,01167	
24,60	0,7048	54,77	549,18	-0,01180	
24,62	0,7054	53,23	549,75	-0,01190	
24,64	0,7059	51,42	550,28	-0,01193	
24,66	0,7065	52,14	550,77	-0,01192	
24,68	0,7070	51,41	551,36	-0,01179	
24,70	0,7076	49,70	551,96	-0,01164	
24,72	0,7081	50,66	552,43	-0,01159	
24,74	0,7087	50,89	552,95	-0,01167	
24,76	0,7094	48,64	553,62	-0,01183	
24,78	0,7098	49,33	554,11	-0,01195	
24,80	0,7105	50,89	554,63	-0,01201	
24,82	0,7111	48,31	555,27	-0,01192	
24,84	0,7116	47,34	555,75	-0,01171	
24,86	0,7121	48,32	556,28	-0,01164	
24,88	0,7129	46,12	556,91	-0,01168	
24,90	0,7135	44,83	557,34	-0,01181	
24,92	0,7141	46,15	557,90	-0,01195	
24,94	0,7147	43,41	558,62	-0,01196	
24,96	0,7152	41,53	559,12	-0,01189	
24,98	0,7158	42,78	559,60	-0,01178	
25,00	0,7165	40,24	560,18	-0,01169	
25,02	0,7169	38,03	560,67	-0,01166	
25,04	0,7175	39,33	561,20	-0,01175	
25,06	0,7183	37,92	561,84	-0,01189	
25,08	0,7189	36,24	562,34	-0,01194	
25,10	0,7195	37,88	562,79	-0,01188	
25,12	0,7203	36,93	563,49	-0,01178	
25,14	0,7210	34,57	564,13	-0,01164	
25,16	0,7215	37,04	564,41	-0,01157	
25,18	0,7219	38,29	564,88	-0,01163	
25,20	0,7227	33,01	565,85	-0,01178	
25,22	0,7234	30,70	566,62	-0,01189	
25,24	0,7239	33,64	566,82	-0,01196	
25,26	0,7245	33,39	567,04	-0,01197	
25,28	0,7253	27,43	567,88	-0,01188	
25,30	0,7261	24,78	568,81	-0,01178	
25,32	0,7265	27,25	569,19	-0,01176	
25,34	0,7269	27,72	569,31	-0,01180	
25,36	0,7276	23,41	569,93	-0,01187	
25,38	0,7284	18,95	570,87	-0,01194	
25,40	0,7290	20,13	571,42	-0,01192	
25,42	0,7296	20,91	571,62	-0,01181	
25,44	0,7303	17,03	572,10	-0,01169	
25,46	0,7311	12,36	572,87	-0,01163	
25,48	0,7316	13,63	573,35	-0,01173	
25,50	0,7320	14,65	573,78	-0,01182	
25,52	0,7327	9,331	574,50	-0,01191	
25,54	0,7334	5,564	575,10	-0,01197	
25,56	0,7339	5,869	575,51	-0,01189	
25,58	0,7344	3,124	576,03	-0,01179	
25,60	0,7350	-1,699	576,56	-0,01171	
25,62	0,7356	-2,308	577,02	-0,01169	
25,64	0,7364	-3,661	577,64	-0,01167	
25,66	0,7371	-8,523	578,33	-0,01177	
25,68	0,7376	-9,535	578,67	-0,01189	
25,70	0,7381	-8,168	579,02	-0,01190	
25,72	0,7388	-12,08	579,98	-0,01179	
25,74	0,7395	-17,38	580,97	-0,01169	
25,76	0,7401	-16,31	581,30	-0,01167	
25,78	0,7406	-14,26	581,31	-0,01168	
25,80	0,7413	-17,79	581,86	-0,01179	
25,82	0,7424	-23,31	583,00	-0,01186	
25,84	0,7431	-24,21	583,73	-0,01191	
25,86	0,7435	-22,76	583,79	-0,01186	
25,88	0,7441	-24,73	584,04	-0,01177	
25,90	0,7451	-30,42	584,98	-0,01172	
25,92	0,7459	-32,99	585,83	-0,01173	
25,94	0,7464	-31,42	586,02	-0,01183	
25,96	0,7470	-32,97	586,12	-0,01189	
25,98	0,7477	-38,75	586,92	-0,01191	
26,00	0,7486	-42,47	588,07	-0,01185	
26,02	0,7492	-41,61	588,60	-0,01175	
26,04	0,7497	-40,26	588,60	-0,01171	
26,06	0,7504	-43,07	589,01	-0,01171	
26,08	0,7515	-48,71	590,02	-0,01166	
26,10	0,7522	-49,55	590,71	-0,01174	
26,12	0,7527	-48,02	590,81	-0,01188	
26,14	0,7532	-50,82	591,04	-0,01191	
26,16	0,7541	-57,43	591,99	-0,01185	
26,18	0,7549	-59,89	593,04	-0,01174	
26,20	0,7556	-57,62	593,39	-0,01166	
26,22	0,7561	-55,86	593,39	-0,01167	
26,24	0,7570	-58,39	593,98	-0,01173	
26,26	0,7581	-62,81	595,06	-0,01177	
26,28	0,7589	-62,34	595,63	-0,01182	
26,30	0,7595	-60,10	595,62	-0,01181	
26,32	0,7601	-62,86	595,90	-0,01174	
26,34	0,7611	-68,42	596,95	-0,01166	
26,36	0,7620	-70,63	598,01	-0,01164	
26,38	0,7626	-68,45	598,33	-0,01171	
26,40	0,7632	-67,64	598,42	-0,01187	
26,42	0,7642	-71,39	599,08	-0,01200	
26,44	0,7653	-74,09	599,86	-0,01191	
26,46	0,7660	-70,79	600,07	-0,01174	
26,48	0,7666	-66,48	599,80	-0,01163	
26,50	0,7673	-65,06	599,55	-0,01162	
26,52	0,7683	-64,13	599,63	-0,01170	
26,54	0,7692	-60,18	599,75	-0,01186	
26,56	0,7699	-54,62	599,63	-0,01200	
26,58	0,7705	-51,10	599,51	-0,01204	
26,60	0,7714	-50,50	599,67	-0,01193	
26,62	0,7723	-46,76	599,81	-0,01170	
26,64	0,7730	-37,78	599,67	-0,01154	
26,66	0,7736	-30,66	599,51	-0,01152	
26,68	0,7743	-29,17	599,65	-0,01164	
26,70	0,7751	-26,36	599,83	-0,01182	
26,72	0,7756	-19,19	599,75	-0,01195	
26,74	0,7762	-13,28	599,56	-0,01191	
26,76	0,7770	-11,50	599,58	-0,01181	
26,78	0,7777	-8,792	599,69	-0,01169	
26,80	0,7783	-1,512	599,63	-0,01167	
26,82	0,7788	5,152	599,49	-0,01172	
26,84	0,7794	7,053	599,58	-0,01185	
26,86	0,7801	8,802	599,81	-0,01191	
26,88	0,7807	15,23	599,82	-0,01189	
26,90	0,7811	22,39	599,62	-0,01183	
26,92	0,7816	25,55	599,52	-0,01171	
26,94	0,7823	27,53	599,67	-0,01166	
26,96	0,7828	31,99	599,78	-0,01168	
26,98	0,7831	37,61	599,66	-0,01175	
27,00	0,7835	41,35	599,54	-0,01193	
27,02	0,7840	42,36	599,61	-0,01204	
27,04	0,7845	45,62	599,68	-0,01199	
27,06	0,7849	51,52	599,58	-0,01184	
27,08	0,7851	54,96	599,49	-0,01173	
27,10	0,7856	54,18	599,63	-0,01168	
27,12	0,7862	55,26	599,81	-0,01167	
27,14	0,7864	60,75	599,79	-0,01176	
27,16	0,7867	66,38	599,61	-0,01187	
27,18	0,7871	69,05	599,53	-0,01191	
27,20	0,7876	71,00	599,63	-0,01186	
27,22	0,7880	74,34	599,68	-0,01177	
27,24	0,7882	77,81	599,59	-0,01167	
27,26	0,7884	79,21	599,53	-0,01163	
27,28	0,7888	79,83	599,61	-0,01162	
27,30	0,7891	83,15	599,68	-0,01176	
27,32	0,7893	88,68	599,61	-0,01192	
27,34	0,7895	92,27	599,50	-0,01189	
27,36	0,7898	92,69	599,59	-0,01180	
27,38	0,7902	92,90	599,80	-0,01175	
27,40	0,7905	95,86	599,83	-0,01170	
27,42	0,7905	100,05	599,67	-0,01175	
27,44	0,7907	102,44	599,59	-0,01188	
27,46	0,7911	103,32	599,66	-0,01198	
27,48	0,7912	106,76	599,66	-0,01199	
27,50	0,7914	110,99	599,55	-0,01193	
27,52	0,7917	110,77	599,53	-0,01181	
27,54	0,7919	107,90	599,66	-0,01172	
27,56	0,7920	108,88	599,74	-0,01173	
27,58	0,7921	113,01	599,65	-0,01179	
27,60	0,7923	115,91	599,53	-0,01190	
27,62	0,7925	116,38	599,58	-0,01193	
27,64	0,7926	117,39	599,68	-0,01192	
27,66	0,7928	120,14	599,65	-0,01173	
27,68	0,7930	122,42	599,54	-0,01169	
27,70	0,7931	121,82	599,54	-0,01172	
27,72	0,7932	121,97	599,66	-0,01168	
27,74	0,7933	124,88	599,70	-0,01189	
27,76	0,7935	128,38	599,60	-0,01224	
27,78	0,7937	129,43	599,51	-0,01254	
27,80	0,7938	129,16	599,59	-0,01271	
27,82	0,7939	130,41	599,68	-0,01304	
27,84	0,7939	132,98	599,64	-0,01337	
27,86	0,7938	134,71	599,54	-0,01365	
27,88	0,7940	133,34	599,57	-0,01406	
27,90	0,7944	132,94	599,67	-0,01468	
27,92	0,7945	135,39	599,66	-0,01514	
27,94	0,7945	138,36	599,55	-0,01532	
27,96	0,7945	138,56	599,51	-0,01552	
27,98	0,7946	138,13	599,65	-0,01585	
28,00	0,7946	139,36	599,76	-0,01613	
28,02	0,7946	141,65	599,70	-0,01665	
28,04	0,7945	143,28	599,57	-0,01740	
28,06	0,7948	143,21	599,58	-0,01832	
28,08	0,7951	143,55	599,62	-0,01931	
28,10	0,7952	145,26	599,58	-0,02055	
28,12	0,7951	145,82	599,53	-0,02271	
28,14	0,7952	143,62	599,60	-0,02496	
28,16	0,7953	142,69	599,73	-0,02633	
28,18	0,7953	145,19	599,72	-0,02696	
28,20	0,7951	148,60	599,59	-0,02727	
28,22	0,7951	149,32	599,56	-0,02748	
28,24	0,7952	148,97	599,63	-0,02768	
28,26	0,7952	150,62	599,63	-0,02766	
28,28	0,7952	152,50	599,54	-0,02758	
28,30	0,7951	151,17	599,53	-0,02765	
28,32	0,7952	148,54	599,66	-0,02785	
28,34	0,7953	149,03	599,74	-0,02796	
28,36	0,7952	151,60	599,65	-0,02812	
28,38	0,7952	153,17	599,54	-0,02832	
28,40	0,7956	153,15	599,57	-0,02839	
28,42	0,7959	152,88	599,66	-0,02815	
28,44	0,7959	154,30	599,65	-0,02804	
28,46	0,7958	155,47	599,54	-0,02818	
28,48	0,7958	153,93	599,54	-0,02817	
28,50	0,7959	152,20	599,67	-0,02819	
28,52	0,7959	152,88	599,74	-0,02845	
28,54	0,7959	155,24	599,64	-0,02853	
28,56	0,7958	156,71	599,54	-0,02824	
28,58	0,7959	156,56	599,59	-0,02816	
28,60	0,7959	156,76	599,67	-0,02831	
28,62	0,7959	158,49	599,61	-0,02831	
28,64	0,7958	159,11	599,51	-0,02832	
28,66	0,7958	156,63	599,55	-0,02850	
28,68	0,7959	155,03	599,71	-0,02858	
28,70	0,7959	156,15	599,77	-0,02842	
28,72	0,7959	158,60	599,65	-0,02835	
28,74	0,7958	159,90	599,55	-0,02846	
28,76	0,7959	158,51	599,62	-0,02851	
28,78	0,7959	158,79	599,66	-0,02848	
28,80	0,7958	161,36	599,58	-0,02860	
28,82	0,7958	161,14	599,52	-0,02871	
28,84	0,7959	157,60	599,63	-0,02866	
28,86	0,7959	156,29	599,74	-0,02863	
28,88	0,7959	159,34	599,68	-0,02862	
28,90	0,7958	161,06	599,55	-0,02855	
28,92	0,7958	159,86	599,54	-0,02835	
28,94	0,7959	159,01	599,66	-0,02846	
28,96	0,7959	159,72	599,70	-0,02874	
28,98	0,7958	160,72	599,60	-0,02868	
29,00	0,7958	160,59	599,53	-0,02857	
29,02	0,7959	159,83	599,61	-0,02867	
29,04	0,7959	160,20	599,66	-0,02865	
29,06	0,7958	162,14	599,58	-0,02850	
29,08	0,7958	162,57	599,50	-0,02861	
29,10	0,7959	159,77	599,60	-0,02890	
29,12	0,7959	158,40	599,75	-0,02887	
29,14	0,7959	160,31	599,73	-0,02870	
29,16	0,7958	162,85	599,60	-0,02878	
29,18	0,7958	162,80	599,59	-0,02867	
29,20	0,7959	161,63	599,67	-0,02849	
29,22	0,7959	163,58	599,64	-0,03914	
29,24	0,7958	165,27	599,53	-0,06728	
29,26	0,7958	162,48	599,54	-0,08825	
29,28	0,7959	158,78	599,70	-0,1071	
29,30	0,7959	159,06	599,77	-0,1128	
29,32	0,7959	161,67	599,66	-0,1088	
29,34	0,7958	163,24	599,54	-0,1061	
29,36	0,7958	162,01	599,58	-0,1057	
29,38	0,7959	161,41	599,66	-0,1061	
29,40	0,7959	162,44	599,62	-0,1067	
29,42	0,7958	163,34	599,51	-0,1070	
29,44	0,7958	161,54	599,55	-0,1067	
29,46	0,7959	159,48	599,71	-0,1059	
29,48	0,7959	160,56	599,76	-0,1049	
29,50	0,7959	162,69	599,64	-0,1037	
29,52	0,7958	163,58	599,53	-0,1030	
29,54	0,7959	163,15	599,59	-0,1029	
29,56	0,7959	162,66	599,69	-0,1024	
29,58	0,7959	162,98	599,65	-0,1019	
29,60	0,7958	163,37	599,54	-0,1018	
29,62	0,7958	162,04	599,54	-0,1022	
29,64	0,7959	160,73	599,66	-0,1030	
29,66	0,7959	161,53	599,72	-0,1036	
29,68	0,7958	162,95	599,61	-0,1043	
29,70	0,7958	163,59	599,51	-0,1046	
29,72	0,7959	162,74	599,59	-0,1051	
29,74	0,7959	161,94	599,73	-0,1055	
29,76	0,7959	162,37	599,71	-0,1058	
29,78	0,7958	163,12	599,58	-0,1058	
29,80	0,7958	161,95	599,54	-0,1055	
29,82	0,7959	160,80	599,62	-0,1052	
29,84	0,7959	161,60	599,65	-0,1044	
29,86	0,7958	162,99	599,56	-0,1036	
29,88	0,7958	162,92	599,50	-0,1028	
29,90	0,7959	160,89	599,63	-0,1021	
29,92	0,7959	160,14	599,77	-0,1019	
29,94	0,7959	162,10	599,72	-0,1014	
29,96	0,7958	164,02	599,57	-0,1012	
29,98	0,7958	163,69	599,56	-0,1014	
30,00	0,7959	162,94	599,65	-0,1020	
30,02	0,7959	164,22	599,63	-0,1027	
30,04	0,7958	165,32	599,52	-0,1036	
30,06	0,7958	162,31	599,55	-0,1043	
30,08	0,7959	158,82	599,71	-0,1046	
30,10	0,7959	159,84	599,73	-0,1053	
30,12	0,7958	162,50	599,60	-0,1056	
30,14	0,7958	162,95	599,51	-0,1053	
30,16	0,7959	160,93	599,63	-0,1046	
30,18	0,7959	160,19	599,78	-0,1036	
30,20	0,7959	161,65	599,73	-0,1025	
30,22	0,7958	163,26	599,58	-0,1015	
30,24	0,7958	162,71	599,56	-0,1011	
30,26	0,7959	161,33	599,65	-0,1009	
30,28	0,7959	161,94	599,63	-0,1005	
30,30	0,7958	163,04	599,52	-0,1006	
30,32	0,7958	161,28	599,56	-0,1011	
30,34	0,7959	158,61	599,75	-0,1016	
30,36	0,7959	159,76	599,81	-0,1022	
30,38	0,7958	162,26	599,66	-0,1028	
30,40	0,7958	163,34	599,54	-0,1030	
30,42	0,7959	161,80	599,61	-0,1031	
30,44	0,7959	161,26	599,69	-0,1032	
30,46	0,7956	162,51	599,61	-0,1031	
30,48	0,7952	162,71	599,50	-0,1027	
30,50	0,7952	159,13	599,59	-0,1023	
30,52	0,7953	156,77	599,77	-0,1021	
30,54	0,7952	159,23	599,76	-0,1013	
30,56	0,7951	161,85	599,61	-0,1002	
30,58	0,7951	160,85	599,55	-0,09945	
30,60	0,7952	159,35	599,63	-0,09919	
30,62	0,7952	160,55	599,65	-0,09852	
30,64	0,7951	162,10	599,54	-0,09811	
30,66	0,7951	160,62	599,51	-0,09796	
30,68	0,7952	156,92	599,67	-0,09827	
30,70	0,7953	156,14	599,78	-0,09889	
30,72	0,7952	158,35	599,69	-0,09940	
30,74	0,7951	159,89	599,54	-0,09998	
30,76	0,7951	158,81	599,57	-0,1001	
30,78	0,7952	158,12	599,68	-0,1001	
30,80	0,7952	159,00	599,65	-0,09991	
30,82	0,7951	159,85	599,54	-0,09972	
30,84	0,7951	158,58	599,54	-0,09957	
30,86	0,7952	156,86	599,67	-0,09953	
30,88	0,7952	157,61	599,69	-0,09941	
30,90	0,7951	159,37	599,57	-0,09903	
30,92	0,7951	158,86	599,51	-0,09870	
30,94	0,7952	157,01	599,64	-0,09821	
30,96	0,7953	156,72	599,76	-0,09741	
30,98	0,7952	158,58	599,68	-0,09667	
31,00	0,7951	159,40	599,54	-0,09655	
31,02	0,7951	157,89	599,54	-0,09657	
31,04	0,7952	156,51	599,68	-0,09651	
31,06	0,7952	157,45	599,70	-0,09626	
31,08	0,7951	159,22	599,58	-0,09613	
31,10	0,7951	158,36	599,50	-0,09615	
31,12	0,7953	155,71	599,65	-0,09643	
31,14	0,7957	154,96	599,80	-0,09708	
31,16	0,7956	156,55	599,75	-0,09730	
31,18	0,7953	157,32	599,57	-0,09730	
31,20	0,7954	156,15	599,53	-0,09719	
31,22	0,7958	154,82	599,66	-0,09728	
31,24	0,7959	155,21	599,71	-0,09707	
31,26	0,7958	156,37	599,61	-0,09680	
31,28	0,7958	156,29	599,51	-0,09680	
31,30	0,7959	154,27	599,61	-0,09700	
31,32	0,7960	153,47	599,74	-0,09709	
31,34	0,7959	154,97	599,70	-0,09692	
31,36	0,7958	156,45	599,55	-0,09687	
31,38	0,7958	155,45	599,53	-0,09678	
31,40	0,7959	153,50	599,67	-0,09671	
31,42	0,7960	154,01	599,72	-0,09662	
31,44	0,7958	155,81	599,60	-0,09667	
31,46	0,7958	155,00	599,52	-0,09677	
31,48	0,7959	152,29	599,64	-0,09688	
31,50	0,7959	152,01	599,77	-0,09690	
31,52	0,7959	154,47	599,70	-0,09669	
31,54	0,7958	155,75	599,56	-0,09658	
31,56	0,7959	153,16	599,59	-0,09660	
31,58	0,7959	152,20	599,66	-0,09669	
31,60	0,7959	154,60	599,59	-0,09672	
31,62	0,7958	155,78	599,49	-0,09688	
31,64	0,7958	152,49	599,60	-0,09694	
31,66	0,7959	149,33	599,79	-0,09686	
31,68	0,7959	150,21	599,78	-0,09684	
31,70	0,7958	152,62	599,61	-0,09687	
31,72	0,7958	152,67	599,58	-0,09693	
31,74	0,7959	151,18	599,66	-0,09702	
31,76	0,7959	152,28	599,62	-0,09694	
31,78	0,7958	153,20	599,52	-0,09664	
31,80	0,7959	150,57	599,56	-0,09645	
31,82	0,7959	147,28	599,69	-0,09632	
31,84	0,7959	148,28	599,68	-0,09618	
31,86	0,7958	150,97	599,55	-0,09614	
31,88	0,7958	150,49	599,51	-0,09628	
31,90	0,7962	148,31	599,65	-0,09641	
31,92	0,7965	148,85	599,75	-0,09634	
31,94	0,7965	151,44	599,65	-0,09620	
31,96	0,7965	151,95	599,53	-0,09612	
31,98	0,7965	149,94	599,59	-0,09616	
32,00	0,7966	148,59	599,71	-0,09617	
32,02	0,7966	150,25	599,68	-0,09616	
32,04	0,7965	151,92	599,53	-0,09629	
32,06	0,7965	149,76	599,53	-0,09635	
32,08	0,7966	147,41	599,71	-0,09636	
32,10	0,7966	148,61	599,78	-0,09620	
32,12	0,7965	151,46	599,65	-0,09602	
32,14	0,7965	151,47	599,51	-0,09602	
32,16	0,7965	149,65	599,58	-0,09613	
32,18	0,7966	149,00	599,73	-0,09622	
32,20	0,7966	150,48	599,72	-0,09619	
32,22	0,7965	151,51	599,56	-0,09612	
32,24	0,7965	150,64	599,53	-0,09619	
32,26	0,7966	148,77	599,71	-0,09617	
32,28	0,7966	149,18	599,78	-0,09601	
32,30	0,7965	151,49	599,65	-0,09594	
32,32	0,7965	151,40	599,52	-0,09604	
32,34	0,7968	149,63	599,58	-0,09620	
32,36	0,7972	149,00	599,74	-0,09621	
32,38	0,7973	150,55	599,72	-0,09607	
32,40	0,7972	152,02	599,57	-0,09595	
32,42	0,7972	150,41	599,53	-0,09598	
32,44	0,7973	148,50	599,65	-0,09610	
32,46	0,7973	149,69	599,71	-0,09614	
32,48	0,7972	152,26	599,58	-0,09608	
32,50	0,7971	152,11	599,52	-0,09613	
32,52	0,7973	148,66	599,69	-0,09623	
32,54	0,7973	148,24	599,79	-0,09614	
32,56	0,7972	151,17	599,67	-0,09594	
32,58	0,7971	152,47	599,54	-0,09593	
32,60	0,7972	149,58	599,60	-0,09598	
32,62	0,7973	147,43	599,70	-0,09604	
32,64	0,7972	149,54	599,63	-0,09609	
32,66	0,7971	151,02	599,51	-0,09611	
32,68	0,7972	149,01	599,58	-0,09607	
32,70	0,7973	147,12	599,75	-0,09593	
32,72	0,7973	148,01	599,75	-0,09573	
32,74	0,7972	149,74	599,60	-0,09566	
32,76	0,7973	149,46	599,55	-0,09587	
32,78	0,7977	147,42	599,68	-0,09607	
32,80	0,7979	147,97	599,70	-0,09603	
32,82	0,7979	149,88	599,57	-0,09588	
32,84	0,7978	148,91	599,52	-0,09585	
32,86	0,7979	146,02	599,66	-0,09583	
32,88	0,7979	145,80	599,76	-0,09572	
32,90	0,7979	148,06	599,66	-0,09569	
32,92	0,7978	149,15	599,51	-0,09590	
32,94	0,7978	147,74	599,57	-0,09609	
32,96	0,7979	146,76	599,78	-0,09605	
32,98	0,7979	147,96	599,82	-0,09591	
33,00	0,7978	149,55	599,67	-0,09583	
33,02	0,7978	149,60	599,53	-0,09582	
33,04	0,7979	148,24	599,60	-0,09584	
33,06	0,7979	148,14	599,74	-0,09588	
33,08	0,7979	149,08	599,69	-0,09586	
33,10	0,7978	149,89	599,55	-0,09585	
33,12	0,7979	148,47	599,57	-0,09585	
33,14	0,7983	147,23	599,70	-0,09574	
33,16	0,7985	149,55	599,67	-0,09564	
33,18	0,7985	151,66	599,54	-0,09563	
33,20	0,7985	149,25	599,53	-0,09581	
33,22	0,7986	146,12	599,69	-0,09599	
33,24	0,7986	146,75	599,75	-0,09595	
33,26	0,7985	148,99	599,62	-0,09582	
33,28	0,7985	149,30	599,53	-0,09574	
33,30	0,7985	147,38	599,62	-0,09576	
33,32	0,7986	147,32	599,69	-0,09574	
33,34	0,7985	149,57	599,61	-0,09571	
33,36	0,7985	149,81	599,51	-0,09582	
33,38	0,7985	146,95	599,62	-0,09594	
33,40	0,7986	145,96	599,79	-0,09587	
33,42	0,7986	147,87	599,75	-0,09562	
33,44	0,7985	149,61	599,58	-0,09553	
33,46	0,7985	148,55	599,55	-0,09563	
33,48	0,7987	147,22	599,64	-0,09568	
33,50	0,7990	148,11	599,64	-0,09570	
33,52	0,7991	149,42	599,52	-0,09574	
33,54	0,7992	148,13	599,52	-0,09581	
33,56	0,7993	145,86	599,71	-0,09583	
33,58	0,7993	146,03	599,80	-0,09568	
33,60	0,7992	148,30	599,67	-0,09552	
33,62	0,7991	149,22	599,55	-0,09554	
33,64	0,7992	147,62	599,61	-0,09569	
33,66	0,7993	147,46	599,65	-0,09575	
33,68	0,7992	148,91	599,56	-0,09569	
33,70	0,7992	147,76	599,52	-0,09563	
33,72	0,7993	143,26	599,66	-0,09559	
33,74	0,7993	142,34	599,73	-0,09553	
33,76	0,7992	146,38	599,62	-0,09544	
33,78	0,7991	148,17	599,52	-0,09548	
33,80	0,7992	145,50	599,60	-0,09560	
33,82	0,7993	144,39	599,70	-0,09563	
33,84	0,7993	146,71	599,62	-0,09556	
33,86	0,7994	147,26	599,52	-0,09544	
33,88	0,7998	144,10	599,59	-0,09535	
33,90	0,8000	142,88	599,71	-0,09532	
33,92	0,7999	145,91	599,65	-0,09539	
33,94	0,7998	148,42	599,52	-0,09554	
33,96	0,7999	146,37	599,56	-0,09567	
33,98	0,8000	143,98	599,72	-0,09567	
34,00	0,8000	145,26	599,73	-0,09554	
34,02	0,7999	147,94	599,57	-0,09537	
34,04	0,7999	147,21	599,53	-0,09527	
34,06	0,8000	144,33	599,67	-0,09532	
34,08	0,8000	144,52	599,72	-0,09543	
34,10	0,7999	146,62	599,59	-0,09548	
34,12	0,7998	146,38	599,52	-0,09551	
34,14	0,8002	143,43	599,67	-0,09550	
34,16	0,8005	142,68	599,78	-0,09541	
34,18	0,8006	144,73	599,69	-0,09528	
34,20	0,8005	146,39	599,55	-0,09535	
34,22	0,8006	144,47	599,61	-0,09556	
34,24	0,8007	143,37	599,71	-0,09558	
34,26	0,8006	145,65	599,63	-0,09542	
34,28	0,8005	146,47	599,52	-0,09530	
34,30	0,8005	144,02	599,58	-0,09527	
34,32	0,8006	142,11	599,71	-0,09527	
34,34	0,8006	143,60	599,69	-0,09531	
34,36	0,8005	145,82	599,54	-0,09538	
34,38	0,8005	145,16	599,53	-0,09545	
34,40	0,8007	143,22	599,73	-0,09549	
34,42	0,8011	143,71	599,82	-0,09539	
34,44	0,8012	145,69	599,68	-0,09520	
34,46	0,8012	146,12	599,55	-0,09516	
34,48	0,8012	144,41	599,60	-0,09520	
34,50	0,8013	144,30	599,64	-0,09519	
34,52	0,8012	145,70	599,55	-0,09528	
34,54	0,8012	144,69	599,53	-0,09545	
34,56	0,8013	141,42	599,69	-0,09546	
34,58	0,8013	141,38	599,79	-0,09526	
34,60	0,8013	144,40	599,68	-0,09508	
34,62	0,8012	146,44	599,53	-0,09506	
34,64	0,8012	145,21	599,58	-0,09515	
34,66	0,8013	143,81	599,69	-0,09524	
34,68	0,8013	144,94	599,64	-0,09527	
34,70	0,8012	146,27	599,51	-0,09527	
34,72	0,8015	143,85	599,57	-0,09524	
34,74	0,8019	141,14	599,73	-0,09524	
34,76	0,8020	142,77	599,73	-0,09513	
34,78	0,8018	145,62	599,57	-0,09504	
34,80	0,8018	144,94	599,52	-0,09516	
34,82	0,8019	142,72	599,67	-0,09527	
34,84	0,8020	143,39	599,75	-0,09530	
34,86	0,8019	145,60	599,64	-0,09524	
34,88	0,8018	146,18	599,53	-0,09528	
34,90	0,8019	143,68	599,65	-0,09526	
34,92	0,8020	142,52	599,75	-0,09513	
34,94	0,8019	144,69	599,65	-0,09511	
34,96	0,8019	145,71	599,52	-0,09527	
34,98	0,8022	143,06	599,58	-0,09538	
35,00	0,8025	140,81	599,72	-0,09532	
35,02	0,8026	142,77	599,68	-0,09514	
35,04	0,8025	145,22	599,53	-0,09502	
35,06	0,8025	143,81	599,55	-0,09500	
35,08	0,8027	141,63	599,75	-0,09509	
35,10	0,8027	142,35	599,82	-0,09518	
35,12	0,8025	144,50	599,66	-0,09527	
35,14	0,8025	144,10	599,53	-0,09527	
35,16	0,8026	142,55	599,59	-0,09521	
35,18	0,8026	142,59	599,70	-0,09509	
35,20	0,8026	143,55	599,64	-0,09493	
35,22	0,8025	143,25	599,53	-0,09493	
35,24	0,8028	141,09	599,59	-0,09508	
35,26	0,8032	140,20	599,68	-0,09516	
35,28	0,8032	142,95	599,62	-0,09516	
35,30	0,8032	145,18	599,50	-0,09509	
35,32	0,8032	143,00	599,59	-0,09509	
35,34	0,8033	140,76	599,75	-0,09506	
35,36	0,8033	142,73	599,72	-0,09500	
35,38	0,8032	145,54	599,56	-0,09510	
35,40	0,8032	144,59	599,53	-0,09526	
35,42	0,8033	142,21	599,67	-0,09526	
35,44	0,8040	142,45	599,73	-0,09510	
35,46	0,8105	144,48	599,61	-0,09493	
35,48	0,8183	144,02	599,51	-0,09489	
35,50	0,8218	141,38	599,63	-0,09500	
35,52	0,8224	140,97	599,75	-0,09509	
35,54	0,8221	143,59	599,67	-0,09514	
35,56	0,8220	144,85	599,53	-0,09520	
35,58	0,8220	142,51	599,58	-0,09526	
35,60	0,8222	140,59	599,74	-0,09520	
35,62	0,8222	142,60	599,71	-0,09502	
35,64	0,8220	144,36	599,55	-0,09494	
35,66	0,8221	142,69	599,53	-0,09509	
35,68	0,8226	140,80	599,70	-0,09533	
35,70	0,8229	143,93	599,76	-0,09553	
35,72	0,8229	151,90	599,62	-0,09575	
35,74	0,8235	162,08	599,51	-0,09620	
35,76	0,8251	177,23	599,63	-0,09679	
35,78	0,8275	203,28	599,77	-0,09740	
35,80	0,8305	241,45	599,68	-0,09812	
35,82	0,8343	288,03	599,53	-0,09913	
35,84	0,8390	340,55	599,57	-0,1003	
35,86	0,8445	403,08	599,74	-0,1016	
35,88	0,8508	477,76	599,74	-0,1029	
35,90	0,8577	561,33	599,57	-0,1044	
35,92	0,8656	649,31	599,53	-0,1062	
35,94	0,8744	744,52	599,72	-0,1085	
35,96	0,8839	849,84	599,81	-0,1111	
35,98	0,8938	962,46	599,66	-0,1140	
36,00	0,9047	1077,5	599,55	-0,1174	
36,02	0,9167	1192,8	599,65	-0,1213	
36,04	0,9294	1310,3	599,69	-0,1261	
36,06	0,9427	1426,5	599,56	-0,1319	
36,08	0,9568	1533,8	599,50	-0,1392	
36,10	0,9719	1628,9	599,70	-0,1478	
36,12	0,9877	1715,6	599,85	-0,1574	
36,14	1,004	1793,5	599,74	-0,1678	
36,16	1,022	1858,0	599,56	-0,1792	
36,18	1,040	1910,0	599,55	-0,1913	
36,20	1,059	1953,7	599,72	-0,2040	
36,22	1,079	1992,8	599,75	-0,2175	
36,24	1,099	2028,3	599,60	-0,2317	
36,26	1,121	2058,4	599,54	-0,2464	
36,28	1,143	2084,1	599,66	-0,2617	
36,30	1,166	2110,8	599,70	-0,2774	
36,32	1,190	2138,7	599,57	-0,2936	
36,34	1,214	2162,5	599,51	-0,3104	
36,36	1,240	2182,4	599,63	-0,3279	
36,38	1,266	2204,0	599,73	-0,3458	
36,40	1,293	2227,9	599,63	-0,3642	
36,42	1,321	2248,9	599,51	-0,3832	
36,44	1,350	2265,1	599,61	-0,4028	
36,46	1,379	2282,3	599,75	-0,4229	
36,48	1,409	2303,2	599,67	-0,4434	
36,50	1,440	2323,0	599,52	-0,4646	
36,52	1,472	2337,8	599,59	-0,4865	
36,54	1,505	2352,3	599,75	-0,5091	
36,56	1,538	2370,5	599,71	-0,5320	
36,58	1,572	2388,1	599,54	-0,5556	
36,60	1,607	2400,9	599,57	-0,5799	
36,62	1,643	2412,6	599,72	-0,6047	
36,64	1,680	2428,3	599,72	-0,6300	
36,66	1,717	2443,7	599,56	-0,6560	
36,68	1,755	2453,9	599,56	-0,6825	
36,70	1,794	2463,0	599,71	-0,7090	
36,72	1,834	2475,4	599,73	-0,7356	
36,74	1,874	2489,0	599,59	-0,7624	
36,76	1,913	2497,6	599,57	-0,7894	
36,78	1,954	2503,6	599,68	-0,8166	
36,80	1,993	2512,7	599,68	-0,8438	
36,82	2,033	2522,5	599,56	-0,8713	
36,84	2,073	2528,6	599,53	-0,8990	
36,86	2,113	2532,4	599,70	-0,9268	
36,88	2,153	2539,2	599,79	-0,9546	
36,90	2,193	2548,0	599,68	-0,9825	
36,92	2,233	2554,9	599,56	-1,011	
36,94	2,273	2559,3	599,62	-1,039	
36,96	2,313	2564,4	599,67	-1,068	
36,98	2,353	2571,1	599,58	-1,096	
37,00	2,393	2575,4	599,51	-1,125	
37,02	2,433	2575,2	599,63	-1,154	
37,04	2,473	2577,5	599,74	-1,183	
37,06	2,513	2584,5	599,66	-1,212	
37,08	2,553	2589,6	599,54	-1,242	
37,10	2,593	2590,2	599,59	-1,271	
37,12	2,633	2591,7	599,67	-1,301	
37,14	2,673	2596,4	599,60	-1,331	
37,16	2,713	2600,0	599,52	-1,361	
37,18	2,753	2599,5	599,62	-1,391	
37,20	2,793	2599,5	599,75	-1,421	
37,22	2,833	2603,8	599,69	-1,451	
37,24	2,873	2608,2	599,57	-1,481	
37,26	2,913	2608,7	599,57	-1,512	
37,28	2,953	2609,5	599,61	-1,543	
37,30	2,993	2612,3	599,58	-1,573	
37,32	3,033	2613,5	599,55	-1,604	
37,34	3,073	2612,1	599,64	-1,635	
37,36	3,113	2612,6	599,68	-1,667	
37,38	3,153	2616,9	599,58	-1,698	
37,40	3,193	2619,6	599,55	-1,729	
37,42	3,233	2617,9	599,67	-1,761	
37,44	3,273	2617,3	599,72	-1,793	
37,46	3,313	2619,4	599,61	-1,824	
37,48	3,353	2619,8	599,56	-1,856	
37,50	3,393	2617,1	599,69	-1,889	
37,52	3,433	2617,0	599,71	-1,921	
37,54	3,473	2619,4	599,60	-1,953	
37,56	3,513	2619,0	599,55	-1,986	
37,58	3,553	2615,3	599,63	-2,018	
37,60	3,593	2614,2	599,64	-2,051	
37,62	3,633	2615,6	599,55	-2,084	
37,64	3,673	2613,7	599,56	-2,117	
37,66	3,713	2609,6	599,70	-2,150	
37,68	3,753	2609,2	599,75	-2,183	
37,70	3,793	2611,7	599,62	-2,217	
37,72	3,833	2610,9	599,61	-2,250	
37,74	3,874	2607,3	599,76	-2,284	
37,76	3,914	2606,8	599,77	-2,318	
37,78	3,953	2608,1	599,62	-2,351	
37,80	3,993	2605,9	599,61	-2,386	
37,82	4,033	2600,0	599,78	-2,420	
37,84	4,073	2598,2	599,80	-2,454	
37,86	4,113	2598,7	599,64	-2,488	
37,88	4,153	2595,9	599,62	-2,523	
37,90	4,193	2591,1	599,74	-2,558	
37,92	4,233	2589,7	599,71	-2,592	
37,94	4,273	2589,3	599,58	-2,627	
37,96	4,313	2585,0	599,59	-2,662	
37,98	4,353	2579,5	599,66	-2,697	
38,00	4,393	2578,4	599,61	-2,732	
38,02	4,433	2577,6	599,53	-2,768	
38,04	4,473	2572,5	599,63	-2,803	
38,06	4,513	2567,7	599,74	-2,839	
38,08	4,553	2566,6	599,68	-2,874	
38,10	4,593	2565,9	599,57	-2,910	
38,12	4,633	2561,4	599,61	-2,946	
38,14	4,673	2556,8	599,65	-2,982	
38,16	4,713	2555,7	599,58	-3,018	
38,18	4,753	2551,9	599,56	-3,055	
38,20	4,793	2544,8	599,64	-3,091	
38,22	4,833	2540,5	599,65	-3,128	
38,24	4,873	2539,4	599,54	-3,164	
38,26	4,913	2534,8	599,57	-3,201	
38,28	4,953	2527,5	599,72	-3,238	
38,30	4,993	2523,8	599,73	-3,274	
38,32	5,033	2522,0	599,60	-3,311	
38,34	5,073	2516,3	599,63	-3,349	
38,36	5,113	2508,2	599,75	-3,386	
38,38	5,153	2504,1	599,70	-3,423	
38,40	5,193	2501,3	599,59	-3,461	
38,42	5,233	2493,6	599,73	-3,498	
38,44	5,273	2485,6	599,85	-3,536	
38,46	5,313	2481,2	599,74	-3,573	
38,48	5,353	2476,7	599,64	-3,611	
38,50	5,393	2468,0	599,75	-3,649	
38,52	5,433	2461,1	599,79	-3,687	
38,54	5,473	2457,4	599,65	-3,725	
38,56	5,513	2450,8	599,63	-3,763	
38,58	5,553	2440,4	599,79	-3,802	
38,60	5,593	2433,2	599,80	-3,840	
38,62	5,633	2428,9	599,64	-3,879	
38,64	5,673	2421,2	599,63	-3,917	
38,66	5,713	2410,3	599,78	-3,956	
38,68	5,753	2403,4	599,75	-3,994	
38,70	5,793	2397,9	599,60	-4,033	
38,72	5,833	2388,3	599,65	-4,072	
38,74	5,873	2376,7	599,79	-4,111	
38,76	5,913	2368,7	599,72	-4,150	
38,78	5,953	2362,4	599,61	-4,189	
38,80	5,993	2351,2	599,81	-4,228	
38,82	6,033	2339,3	599,99	-4,267	
38,84	6,073	2330,4	599,89	-4,306	
38,86	6,113	2321,7	599,67	-4,345	
38,88	6,153	2309,5	599,72	-4,385	
38,90	6,193	2296,7	599,96	-4,424	
38,92	6,233	2286,1	599,98	-4,464	
38,94	6,273	2275,4	599,77	-4,503	
38,96	6,313	2262,9	599,65	-4,543	
38,98	6,353	2247,8	599,84	-4,583	
39,00	6,393	2235,4	599,94	-4,622	
39,02	6,433	2224,5	599,78	-4,662	
39,04	6,473	2212,0	599,63	-4,702	
39,06	6,513	2194,6	599,87	-4,742	
39,08	6,553	2178,7	600,09	-4,782	
39,10	6,593	2165,0	600,01	-4,822	
39,12	6,633	2150,7	599,76	-4,862	
39,14	6,673	2135,0	599,66	-4,902	
39,16	6,713	2117,7	599,92	-4,942	
39,18	6,753	2100,6	600,09	-4,983	
39,20	6,793	2083,4	599,96	-5,023	
39,22	6,833	2065,3	599,71	-5,063	
39,24	6,873	2045,7	599,72	-5,103	
39,26	6,913	2025,1	599,96	-5,144	
39,28	6,953	2004,7	600,00	-5,185	
39,30	6,993	1984,1	599,80	-5,225	
39,32	7,033	1962,1	599,64	-5,266	
39,34	7,073	1936,7	599,77	-5,307	
39,36	7,113	1911,4	599,88	-5,349	
39,38	7,153	1886,2	599,76	-5,390	
39,40	7,193	1858,8	599,64	-5,431	
39,42	7,233	1826,7	599,78	-5,473	
39,44	7,273	1794,1	599,87	-5,515	
39,46	7,313	1762,2	599,72	-5,557	
39,48	7,353	1727,2	599,62	-5,599	
39,50	7,393	1684,9	599,80	-5,642	
39,52	7,433	1639,6	599,92	-5,686	
39,54	7,473	1591,8	599,79	-5,730	
39,56	7,513	1538,2	599,66	-5,774	
39,58	7,553	1473,2	599,84	-5,821	
39,60	7,593	1399,2	600,00	-5,868	
39,62	7,633	1314,9	599,93	-5,917	
39,64	7,673	1215,2	599,71	-5,966	
39,66	7,713	1101,5	599,65	-6,013	
39,68	7,753	979,41	599,88	-6,060	
39,70	7,793	857,54	600,01	-6,105	
39,72	7,833	743,21	599,87	-6,148	
39,74	7,873	643,65	599,66	-6,192	
39,76	7,913	557,24	599,78	-6,237	
39,78	7,953	478,97	600,05	-6,282	
39,80	7,993	408,79	600,06	-6,325	
39,82	8,033	345,35	599,83	-6,366	
39,84	8,073	287,67	599,66	-6,403	
39,86	8,113	232,89	599,94	-6,436	
39,88	8,152	183,82	600,18	-6,458	
39,90	8,187	144,11	600,06	-6,467	
39,92	8,212	112,61	599,78	-6,470	
39,94	8,227	86,58	599,73	-6,473	
39,96	8,234	64,88	600,02	-6,478	
39,98	8,238	52,29	600,07	-6,479	
40,00	8,239	45,53	599,82	-6,479	
40,02	8,240	39,36	599,74	-6,481	
40,04	8,240	29,67	599,97	-6,483	
40,06	8,240	22,30	599,98	-6,483	
40,08	8,240	21,26	599,76	-6,482	
40,10	8,240	20,12	599,87	-6,484	
40,12	8,241	14,62	600,11	-6,485	
40,14	8,241	12,60	600,02	-6,484	
40,16	8,241	15,81	599,75	-6,483	
40,18	8,241	16,88	599,85	-6,485	
40,20	8,241	12,93	600,20	-6,486	
40,22	8,241	12,05	600,18	-6,485	
40,24	8,241	13,94	599,87	-6,484	
40,26	8,241	15,46	599,75	-6,485	
40,28	8,241	13,03	600,44	-6,487	
40,30	8,241	11,88	600,97	-6,488	
40,32	8,241	13,51	600,80	-6,488	
40,34	8,241	14,76	600,35	-6,488	
40,36	8,241	15,04	599,95	-6,487	
40,38	8,241	15,48	599,71	-6,488	
40,40	8,241	15,25	599,90	-6,490	
40,42	8,241	14,94	600,11	-6,490	
40,44	8,241	14,98	599,99	-6,489	
40,46	8,241	15,43	599,72	-6,488	
40,48	8,241	15,53	600,04	-6,489	
40,50	8,241	14,87	600,97	-6,490	
40,52	8,241	14,83	601,27	-6,490	
40,54	8,241	15,00	600,95	-6,489	
40,56	8,241	15,05	600,53	-6,489	
40,58	8,241	15,10	600,18	-6,488	
40,60	8,241	15,13	599,91	-6,488	
40,62	8,241	15,35	599,72	-6,489	
40,64	8,241	15,02	599,68	-6,490	
40,66	8,241	14,97	599,66	-6,490	
40,68	8,241	15,39	599,61	-6,490	
40,70	8,241	15,06	599,75	-6,492	
40,72	8,241	14,87	599,86	-6,492	
40,74	8,241	15,03	599,76	-6,491	
40,76	8,241	15,51	599,68	-6,490	
40,78	8,241	15,13	600,01	-6,492	
40,80	8,241	14,79	600,30	-6,492	
40,82	8,241	13,78	600,22	-6,491	
40,84	8,241	13,62	599,98	-6,491	
40,86	8,241	14,69	599,76	-6,490	
40,88	8,241	17,18	599,64	-6,491	
40,90	8,241	19,22	599,79	-6,493	
40,92	8,241	18,12	599,91	-6,493	
40,94	8,241	16,03	599,84	-6,492	
40,96	8,241	15,40	599,67	-6,491	
40,98	8,241	14,81	599,78	-6,493	
41,00	8,241	12,30	600,15	-6,494	
41,02	8,241	11,17	600,25	-6,493	
41,04	8,241	11,54	600,10	-6,492	
41,06	8,241	11,78	599,89	-6,492	
41,08	8,241	13,01	599,71	-6,492	
41,10	8,241	17,08	599,67	-6,493	
41,12	8,241	19,19	599,80	-6,494	
41,14	8,241	17,90	599,82	-6,494	
41,16	8,241	16,10	599,69	-6,493	
41,18	8,241	15,45	599,74	-6,493	
41,20	8,241	12,49	600,26	-6,495	
41,22	8,241	10,33	600,55	-6,495	
41,24	8,241	11,23	600,44	-6,494	
41,26	8,241	13,54	600,20	-6,493	
41,28	8,241	15,02	600,00	-6,493	
41,30	8,241	17,95	599,83	-6,493	
41,32	8,241	22,62	599,69	-6,493	
41,34	8,241	24,29	599,68	-6,494	
41,36	8,241	22,00	599,72	-6,495	
41,38	8,241	19,53	599,66	-6,495	
41,40	8,241	18,86	599,61	-6,495	
41,42	8,241	16,39	599,89	-6,497	
41,44	8,241	12,31	600,13	-6,497	
41,46	8,241	10,86	600,07	-6,496	
41,48	8,241	11,32	599,88	-6,495	
41,50	8,241	11,79	599,68	-6,495	
41,52	8,241	13,98	599,50	-6,495	
41,54	8,241	19,49	599,33	-6,495	
41,56	8,241	23,84	599,18	-6,495	
41,58	8,241	25,39	599,04	-6,495	
41,60	8,241	26,57	598,89	-6,495	
41,62	8,241	27,89	598,75	-6,495	
41,64	8,241	28,52	598,60	-6,495	
41,66	8,241	28,62	598,45	-6,495	
41,68	8,241	28,54	598,30	-6,495	
41,70	8,241	28,47	598,13	-6,495	
41,72	8,241	28,49	597,96	-6,496	
41,74	8,241	28,55	597,80	-6,496	
41,76	8,241	28,57	597,65	-6,496	
41,78	8,241	28,59	597,49	-6,496	
41,80	8,241	28,61	597,32	-6,496	
41,82	8,241	28,58	597,16	-6,497	
41,84	8,241	28,46	597,00	-6,497	
41,86	8,241	28,43	596,83	-6,497	
41,88	8,241	28,48	596,66	-6,497	
41,90	8,241	28,52	596,50	-6,497	
41,92	8,241	28,55	596,32	-6,497	
41,94	8,241	28,59	596,15	-6,498	
41,96	8,241	28,57	595,98	-6,498	
41,98	8,241	28,54	595,79	-6,498	
42,00	8,241	28,53	595,60	-6,498	
42,02	8,241	28,50	595,40	-6,498	
42,04	8,241	28,49	595,20	-6,498	
42,06	8,241	28,54	594,98	-6,499	
42,08	8,241	28,55	594,77	-6,499	
42,10	8,241	28,52	594,58	-6,499	
42,12	8,241	28,51	594,38	-6,499	
42,14	8,241	28,52	594,16	-6,499	
42,16	8,241	28,57	593,94	-6,499	
42,18	8,241	28,58	593,72	-6,499	
42,20	8,241	28,52	593,50	-6,500	
42,22	8,241	28,50	593,28	-6,500	
42,24	8,241	28,52	593,05	-6,500	
42,26	8,241	28,48	592,81	-6,500	
42,28	8,241	28,46	592,58	-6,500	
42,30	8,241	28,49	592,33	-6,500	
42,32	8,241	28,51	592,09	-6,501	
42,34	8,241	28,54	591,85	-6,501	
42,36	8,241	28,56	591,61	-6,501	
42,38	8,241	28,65	591,35	-6,501	
42,40	8,241	29,76	591,08	-6,501	
42,42	8,241	31,22	590,84	-6,501	
42,44	8,241	31,90	590,58	-6,501	
42,46	8,241	31,95	590,29	-6,501	
42,48	8,241	31,91	590,01	-6,501	
42,50	8,241	31,87	589,72	-6,502	
42,52	8,241	31,91	589,43	-6,502	
42,54	8,241	31,93	589,15	-6,502	
42,56	8,241	31,88	588,86	-6,502	
42,58	8,241	31,85	588,57	-6,502	
42,60	8,241	31,92	588,29	-6,502	
42,62	8,241	32,40	588,01	-6,502	
42,64	8,241	33,80	587,71	-6,503	
42,66	8,241	34,89	587,40	-6,503	
42,68	8,241	35,22	587,10	-6,503	
42,70	8,241	35,23	586,81	-6,503	
42,72	8,241	35,22	586,50	-6,503	
42,74	8,241	35,22	586,19	-6,503	
42,76	8,241	35,23	585,89	-6,503	
42,78	8,241	35,26	585,58	-6,503	
42,80	8,241	35,41	585,27	-6,504	
42,82	8,241	36,51	584,96	-6,504	
42,84	8,241	37,93	584,65	-6,504	
42,86	8,241	38,55	584,33	-6,504	
42,88	8,241	38,65	584,00	-6,504	
42,90	8,241	38,63	583,67	-6,504	
42,92	8,241	38,59	583,34	-6,504	
42,94	8,241	38,57	583,01	-6,504	
42,96	8,241	38,58	582,68	-6,504	
42,98	8,241	39,06	582,35	-6,505	
43,00	8,241	40,50	582,03	-6,505	
43,02	8,241	41,62	581,72	-6,505	
43,04	8,241	41,96	581,38	-6,505	
43,06	8,241	41,92	581,04	-6,505	
43,08	8,241	41,89	580,70	-6,505	
43,10	8,241	41,89	580,38	-6,505	
43,12	8,241	42,39	580,06	-6,506	
43,14	8,241	43,95	579,73	-6,506	
43,16	8,241	45,09	579,39	-6,506	
43,18	8,241	45,37	579,03	-6,506	
43,20	8,241	45,39	578,69	-6,506	
43,22	8,241	45,37	578,35	-6,506	
43,24	8,241	45,40	578,01	-6,506	
43,26	8,241	45,88	577,67	-6,506	
43,28	8,241	47,38	577,33	-6,506	
43,30	8,241	48,55	576,98	-6,506	
43,32	8,241	48,96	576,64	-6,506	
43,34	8,241	48,96	576,29	-6,507	
43,36	8,241	48,90	575,94	-6,507	
43,38	8,241	48,93	575,59	-6,507	
43,40	8,241	49,98	575,26	-6,507	
43,42	8,241	51,39	574,92	-6,507	
43,44	8,241	52,05	574,58	-6,507	
43,46	8,241	52,20	574,24	-6,507	
43,48	8,241	52,25	573,90	-6,507	
43,50	8,241	52,21	573,55	-6,508	
43,52	8,241	52,14	573,20	-6,508	
43,54	8,241	52,20	572,83	-6,508	
43,56	8,241	53,26	572,48	-6,508	
43,58	8,241	54,72	572,14	-6,508	
43,60	8,241	55,47	571,80	-6,508	
43,62	8,241	55,62	571,45	-6,508	
43,64	8,241	55,57	571,09	-6,508	
43,66	8,241	55,54	570,74	-6,509	
43,68	8,241	55,54	570,38	-6,509	
43,70	8,241	56,02	570,02	-6,509	
43,72	8,241	57,51	569,67	-6,509	
43,74	8,241	58,64	569,32	-6,509	
43,76	8,241	58,93	568,96	-6,509	
43,78	8,241	58,85	568,59	-6,509	
43,80	8,241	58,74	568,23	-6,509	
43,82	8,241	58,57	567,87	-6,509	
43,84	8,241	58,93	567,50	-6,509	
43,86	8,241	60,43	567,14	-6,510	
43,88	8,241	61,57	566,78	-6,510	
43,90	8,241	61,94	566,44	-6,510	
43,92	8,241	61,98	566,08	-6,510	
43,94	8,241	62,02	565,71	-6,510	
43,96	8,241	62,18	565,35	-6,510	
43,98	8,241	62,31	565,00	-6,510	
44,00	8,241	62,35	564,64	-6,510	
44,02	8,241	62,35	564,27	-6,510	
44,04	8,241	62,35	563,90	-6,511	
44,06	8,241	62,34	563,54	-6,511	
44,08	8,241	62,31	563,16	-6,511	
44,10	8,241	62,37	562,80	-6,511	
44,12	8,241	63,42	562,43	-6,511	
44,14	8,241	64,84	562,08	-6,511	
44,16	8,241	65,49	561,72	-6,511	
44,18	8,241	65,57	561,36	-6,511	
44,20	8,241	65,58	560,99	-6,511	
44,22	8,241	65,57	560,62	-6,512	
44,24	8,241	65,55	560,24	-6,512	
44,26	8,241	65,53	559,87	-6,512	
44,28	8,241	65,47	559,50	-6,512	
44,30	8,241	65,45	559,13	-6,512	
44,32	8,241	65,49	558,77	-6,512	
44,34	8,241	65,56	558,41	-6,512	
44,36	8,241	65,59	558,06	-6,512	
44,38	8,241	65,61	557,69	-6,513	
44,40	8,241	65,70	557,31	-6,513	
44,42	8,241	65,71	556,96	-6,513	
44,44	8,241	65,62	556,62	-6,513	
44,46	8,241	65,67	556,26	-6,513	
44,48	8,241	66,60	555,91	-6,513	
44,50	8,241	66,96	555,57	-6,513	
44,52	8,241	66,25	555,23	-6,514	
44,54	8,241	65,77	554,89	-6,514	
44,56	8,241	66,63	554,53	-6,514	
44,58	8,241	67,76	554,16	-6,514	
44,60	8,241	68,07	553,79	-6,514	
44,62	8,241	68,54	553,43	-6,514	
44,64	8,241	68,93	553,07	-6,514	
44,66	8,241	68,98	552,71	-6,514	
44,68	8,241	68,89	552,34	-6,514	
44,70	8,241	68,84	551,97	-6,515	
44,72	8,241	68,82	551,61	-6,515	
44,74	8,241	68,85	551,26	-6,515	
44,76	8,241	68,85	550,90	-6,515	
44,78	8,241	68,78	550,54	-6,515	
44,80	8,241	68,79	550,18	-6,515	
44,82	8,241	68,92	549,82	-6,516	
44,84	8,241	69,00	549,46	-6,516	
44,86	8,241	69,01	549,08	-6,516	
44,88	8,241	69,00	548,72	-6,516	
44,90	8,241	68,96	548,37	-6,516	
44,92	8,241	68,91	548,02	-6,516	
44,94	8,241	68,91	547,67	-6,516	
44,96	8,241	68,97	547,29	-6,516	
44,98	8,241	68,98	546,94	-6,517	
45,00	8,241	68,96	546,60	-6,517	
45,02	8,241	68,93	546,24	-6,517	
45,04	8,241	68,89	545,87	-6,517	
45,06	8,241	68,88	545,51	-6,517	
45,08	8,241	68,89	545,16	-6,517	
45,10	8,241	68,90	544,81	-6,517	
45,12	8,241	68,92	544,46	-6,517	
45,14	8,241	68,87	544,11	-6,518	
45,16	8,241	68,79	543,75	-6,518	
45,18	8,241	68,74	543,39	-6,518	
45,20	8,241	68,76	543,02	-6,518	
45,22	8,241	68,79	542,67	-6,518	
45,24	8,241	68,83	542,32	-6,518	
45,26	8,241	68,89	541,97	-6,518	
45,28	8,241	68,90	541,62	-6,519	
45,30	8,241	68,92	541,27	-6,519	
45,32	8,241	68,90	540,92	-6,519	
45,34	8,241	68,89	540,57	-6,519	
45,36	8,241	68,92	540,22	-6,519	
45,38	8,241	68,92	539,87	-6,519	
45,40	8,241	68,87	539,53	-6,519	
45,42	8,241	68,87	539,18	-6,519	
45,44	8,241	69,27	538,83	-6,520	
45,46	8,241	70,70	538,47	-6,520	
45,48	8,241	71,76	538,12	-6,520	
45,50	8,241	71,01	537,77	-6,520	
45,52	8,241	69,55	537,42	-6,520	
45,54	8,241	68,92	537,07	-6,520	
45,56	8,241	68,76	536,73	-6,520	
45,58	8,241	68,75	536,38	-6,521	
45,60	8,241	68,79	536,04	-6,521	
45,62	8,241	68,77	535,68	-6,521	
45,64	8,241	68,75	535,32	-6,521	
45,66	8,241	68,84	534,97	-6,521	
45,68	8,241	69,48	534,61	-6,521	
45,70	8,241	69,53	534,26	-6,521	
45,72	8,241	69,15	533,92	-6,522	
45,74	8,241	68,91	533,57	-6,522	
45,76	8,241	68,89	533,22	-6,522	
45,78	8,241	68,91	532,88	-6,522	
45,80	8,241	68,92	532,53	-6,522	
45,82	8,241	69,27	532,18	-6,522	
45,84	8,241	70,75	531,84	-6,523	
45,86	8,241	71,55	531,50	-6,523	
45,88	8,241	70,50	531,16	-6,523	
45,90	8,241	69,31	530,82	-6,523	
45,92	8,241	68,88	530,47	-6,523	
45,94	8,241	68,90	530,13	-6,523	
45,96	8,241	69,31	529,79	-6,523	
45,98	8,241	70,36	529,46	-6,523	
46,00	8,241	70,65	529,12	-6,524	
46,02	8,241	70,33	528,79	-6,524	
46,04	8,241	71,03	528,46	-6,524	
46,06	8,241	71,43	528,13	-6,524	
46,08	8,241	70,27	527,79	-6,524	
46,10	8,241	69,14	527,45	-6,524	
46,12	8,241	68,80	527,11	-6,524	
46,14	8,241	68,81	526,79	-6,524	
46,16	8,241	68,83	526,45	-6,525	
46,18	8,241	68,80	526,12	-6,525	
46,20	8,241	68,80	525,80	-6,525	
46,22	8,241	68,84	525,46	-6,525	
46,24	8,241	68,90	525,11	-6,522	
46,26	8,241	68,90	524,77	-6,518	
46,28	8,241	68,89	524,43	-6,517	
46,30	8,241	68,86	524,09	-6,517	
46,32	8,241	68,83	523,75	-6,517	
46,34	8,241	68,83	523,42	-6,517	
46,36	8,241	68,86	523,09	-6,517	
46,38	8,241	68,88	522,76	-6,517	
46,40	8,241	68,95	522,42	-6,517	
46,42	8,241	68,96	522,08	-6,518	
46,44	8,241	68,90	521,75	-6,518	
46,46	8,241	68,83	521,43	-6,519	
46,48	8,241	68,83	521,10	-6,523	
46,50	8,241	68,83	520,77	-6,526	
46,52	8,241	68,79	520,44	-6,527	
46,54	8,241	68,80	520,12	-6,527	
46,56	8,241	68,82	519,80	-6,528	
46,58	8,241	68,76	519,48	-6,528	
46,60	8,241	68,76	519,16	-6,528	
46,62	8,241	68,79	518,84	-6,528	
46,64	8,241	68,80	518,51	-6,528	
46,66	8,241	68,87	518,20	-6,528	
46,68	8,241	68,90	517,88	-6,528	
46,70	8,241	68,81	517,55	-6,528	
46,72	8,241	68,76	517,22	-6,529	
46,74	8,241	68,78	516,88	-6,529	
46,76	8,241	68,79	516,54	-6,529	