Zeit  1 - Standardmessrate [s]	ZwickWeg [mm]	ZwickKraft [N]	Pyrometer [°C]	Maytec [mm]
0	-0,7985	162,59	150,11	0,02439	
0,02000	-0,7984	161,86	150,10	0,02435	
0,04000	-0,7985	160,79	150,10	0,02428	
0,06000	-0,7985	159,94	150,11	0,02418	
0,08000	-0,7985	160,76	150,11	0,02414	
0,1000	-0,7985	162,04	150,11	0,02422	
0,1200	-0,7985	162,65	150,11	0,02438	
0,1400	-0,7985	162,76	150,11	0,02447	
0,1600	-0,7985	162,77	150,11	0,02446	
0,1800	-0,7985	162,73	150,11	0,02438	
0,2000	-0,7985	162,08	150,11	0,02428	
0,2200	-0,7984	161,04	150,11	0,02431	
0,2400	-0,7985	160,29	150,12	0,02433	
0,2600	-0,7985	159,59	150,11	0,02436	
0,2800	-0,7985	159,74	150,11	0,02465	
0,3000	-0,7985	159,98	150,10	0,02546	
0,3200	-0,7985	159,73	150,10	0,02595	
0,3400	-0,7985	160,54	150,11	0,02598	
0,3600	-0,7985	160,70	150,11	0,02590	
0,3800	-0,7985	160,00	150,12	0,02584	
0,4000	-0,7985	159,51	150,11	0,02585	
0,4200	-0,7985	159,85	150,11	0,02592	
0,4400	-0,7985	160,12	150,11	0,02604	
0,4600	-0,7985	159,76	150,11	0,02603	
0,4800	-0,7985	159,64	150,11	0,02596	
0,5000	-0,7985	160,69	150,12	0,02587	
0,5200	-0,7985	161,04	150,11	0,02539	
0,5400	-0,7985	160,89	150,11	0,02468	
0,5600	-0,7985	160,21	150,11	0,02440	
0,5800	-0,7985	159,59	150,11	0,02441	
0,6000	-0,7985	159,44	150,11	0,02441	
0,6200	-0,7985	159,39	150,12	0,02438	
0,6400	-0,7985	159,43	150,12	0,02423	
0,6600	-0,7985	159,54	150,11	0,02416	
0,6800	-0,7985	159,59	150,11	0,02421	
0,7000	-0,7985	159,59	150,10	0,02435	
0,7200	-0,7985	159,56	150,11	0,02441	
0,7400	-0,7985	159,54	150,11	0,02440	
0,7600	-0,7985	159,51	150,11	0,02428	
0,7800	-0,7985	159,47	150,11	0,02421	
0,8000	-0,7985	159,45	150,11	0,02419	
0,8200	-0,7985	159,47	150,11	0,02423	
0,8400	-0,7985	159,44	150,11	0,02434	
0,8600	-0,7985	159,46	150,11	0,02440	
0,8800	-0,7985	159,46	150,11	0,02440	
0,9000	-0,7985	159,47	150,12	0,02434	
0,9200	-0,7985	159,43	150,11	0,02422	
0,9400	-0,7985	159,47	150,11	0,02419	
0,9600	-0,7985	159,53	150,10	0,02421	
0,9800	-0,7985	159,48	150,11	0,02431	
1,000	-0,7985	159,42	150,11	0,02439	
1,020	-0,7985	159,44	150,11	0,02445	
1,040	-0,7985	159,48	150,11	0,02446	
1,060	-0,7985	160,01	150,11	0,02435	
1,080	-0,7985	161,46	150,11	0,02423	
1,100	-0,7984	162,51	150,10	0,02422	
1,120	-0,7984	162,81	150,10	0,02432	
1,140	-0,7984	162,24	150,10	0,02438	
1,160	-0,7984	160,71	150,11	0,02438	
1,180	-0,7984	159,66	150,11	0,02437	
1,200	-0,7984	159,38	150,11	0,02440	
1,220	-0,7984	159,37	150,11	0,02434	
1,240	-0,7985	159,41	150,11	0,02421	
1,260	-0,7985	159,45	150,10	0,02416	
1,280	-0,7984	159,50	150,10	0,02426	
1,300	-0,7984	159,51	150,11	0,02441	
1,320	-0,7984	159,46	150,11	0,02451	
1,340	-0,7985	159,43	150,11	0,02444	
1,360	-0,7985	159,40	150,11	0,02431	
1,380	-0,7985	159,41	150,11	0,02423	
1,400	-0,7985	159,44	150,10	0,02421	
1,420	-0,7984	159,39	150,11	0,02428	
1,440	-0,7984	159,38	150,11	0,02436	
1,460	-0,7984	159,36	150,12	0,02443	
1,480	-0,7985	159,31	150,11	0,02444	
1,500	-0,7985	159,33	150,11	0,02435	
1,520	-0,7985	159,33	150,11	0,02421	
1,540	-0,7985	159,34	150,11	0,02422	
1,560	-0,7985	159,40	150,11	0,02429	
1,580	-0,7985	159,41	150,11	0,02435	
1,600	-0,7985	159,36	150,12	0,02436	
1,620	-0,7985	159,30	150,11	0,02439	
1,640	-0,7985	159,82	150,11	0,02437	
1,660	-0,7985	161,20	150,10	0,02424	
1,680	-0,7985	161,05	150,11	0,02416	
1,700	-0,7985	159,97	150,11	0,02421	
1,720	-0,7985	160,04	150,12	0,02434	
1,740	-0,7985	161,45	150,12	0,02444	
1,760	-0,7985	161,29	150,11	0,02440	
1,780	-0,7985	160,06	150,11	0,02434	
1,800	-0,7985	159,37	150,11	0,02430	
1,820	-0,7985	159,24	150,11	0,02420	
1,840	-0,7985	159,31	150,12	0,02416	
1,860	-0,7985	159,95	150,12	0,02424	
1,880	-0,7985	161,39	150,11	0,02435	
1,900	-0,7985	162,40	150,11	0,02436	
1,920	-0,7985	162,68	150,11	0,02430	
1,940	-0,7985	162,70	150,11	0,02420	
1,960	-0,7985	162,70	150,12	0,02413	
1,980	-0,7985	162,23	150,11	0,02415	
2,000	-0,7985	161,35	150,11	0,02425	
2,020	-0,7985	160,22	150,11	0,02436	
2,040	-0,7985	159,52	150,11	0,02444	
2,060	-0,7985	159,36	150,12	0,02447	
2,080	-0,7985	159,39	150,12	0,02434	
2,100	-0,7985	159,39	150,11	0,02417	
2,120	-0,7985	159,35	150,11	0,02409	
2,140	-0,7985	159,35	150,11	0,02414	
2,160	-0,7985	159,40	150,11	0,02431	
2,180	-0,7985	159,43	150,12	0,02441	
2,200	-0,7985	159,37	150,12	0,02442	
2,220	-0,7985	159,33	150,11	0,02436	
2,240	-0,7985	159,31	150,11	0,02429	
2,260	-0,7985	159,32	150,11	0,02418	
2,280	-0,7985	159,82	150,11	0,02414	
2,300	-0,7985	160,73	150,11	0,02423	
2,320	-0,7985	161,84	150,12	0,02432	
2,340	-0,7985	162,58	150,11	0,02441	
2,360	-0,7985	162,22	150,11	0,02441	
2,380	-0,7985	161,20	150,11	0,02434	
2,400	-0,7985	160,48	150,11	0,02428	
2,420	-0,7985	159,82	150,12	0,02426	
2,440	-0,7985	159,53	150,12	0,02432	
2,460	-0,7985	160,05	150,11	0,02443	
2,480	-0,7985	161,07	150,11	0,02449	
2,500	-0,7985	161,72	150,11	0,02444	
2,520	-0,7985	162,20	150,11	0,02431	
2,540	-0,7985	161,46	150,12	0,02425	
2,560	-0,7985	160,72	150,12	0,02425	
2,580	-0,7985	160,01	150,11	0,02426	
2,600	-0,7985	159,59	150,11	0,02433	
2,620	-0,7985	159,51	150,11	0,02439	
2,640	-0,7985	159,49	150,11	0,02440	
2,660	-0,7985	159,47	150,12	0,02434	
2,680	-0,7985	159,48	150,11	0,02423	
2,700	-0,7985	159,51	150,11	0,02414	
2,720	-0,7985	159,47	150,11	0,02416	
2,740	-0,7985	159,41	150,11	0,02427	
2,760	-0,7985	159,41	150,12	0,02444	
2,780	-0,7985	159,43	150,12	0,02452	
2,800	-0,7985	159,47	150,11	0,02443	
2,820	-0,7985	159,44	150,11	0,02423	
2,840	-0,7985	159,36	150,11	0,02416	
2,860	-0,7985	159,30	150,11	0,02419	
2,880	-0,7985	159,30	150,12	0,02434	
2,900	-0,7985	159,31	150,12	0,02441	
2,920	-0,7985	159,29	150,11	0,02444	
2,940	-0,7985	159,30	150,11	0,02437	
2,960	-0,7985	159,34	150,11	0,02425	
2,980	-0,7985	159,36	150,11	0,02417	
3,000	-0,7985	160,00	150,12	0,02416	
3,020	-0,7985	161,50	150,12	0,02421	
3,040	-0,7985	162,54	150,11	0,02428	
3,060	-0,7985	162,79	150,11	0,02439	
3,080	-0,7985	162,71	150,11	0,02445	
3,100	-0,7985	162,66	150,12	0,02438	
3,120	-0,7985	162,63	150,12	0,02427	
3,140	-0,7985	162,63	150,12	0,02423	
3,160	-0,7985	162,68	150,11	0,02428	
3,180	-0,7985	162,55	150,11	0,02431	
3,200	-0,7985	161,44	150,11	0,02439	
3,220	-0,7985	160,66	150,11	0,02443	
3,240	-0,7985	159,99	150,12	0,02437	
3,260	-0,7985	159,51	150,12	0,02423	
3,280	-0,7985	159,33	150,11	0,02409	
3,300	-0,7985	159,35	150,11	0,02411	
3,320	-0,7985	159,33	150,11	0,02424	
3,340	-0,7985	159,33	150,12	0,02439	
3,360	-0,7985	159,32	150,12	0,02443	
3,380	-0,7985	159,30	150,11	0,02447	
3,400	-0,7985	159,32	150,11	0,02438	
3,420	-0,7985	159,37	150,10	0,02425	
3,440	-0,7985	159,32	150,11	0,02429	
3,460	-0,7985	159,31	150,12	0,02435	
3,480	-0,7985	159,34	150,12	0,02440	
3,500	-0,7985	159,36	150,11	0,02438	
3,520	-0,7985	159,36	150,11	0,02436	
3,540	-0,7985	159,36	150,11	0,02431	
3,560	-0,7985	159,37	150,11	0,02423	
3,580	-0,7985	159,34	150,11	0,02418	
3,600	-0,7985	159,35	150,12	0,02421	
3,620	-0,7985	159,32	150,11	0,02429	
3,640	-0,7985	159,27	150,11	0,02442	
3,660	-0,7985	159,26	150,11	0,02448	
3,680	-0,7985	159,26	150,11	0,02442	
3,700	-0,7985	159,30	150,11	0,02429	
3,720	-0,7985	159,31	150,12	0,02422	
3,740	-0,7985	159,27	150,11	0,02419	
3,760	-0,7985	159,26	150,11	0,02425	
3,780	-0,7985	159,30	150,11	0,02432	
3,800	-0,7985	159,39	150,11	0,02439	
3,820	-0,7985	159,45	150,11	0,02441	
3,840	-0,7985	159,45	150,12	0,02431	
3,860	-0,7985	159,45	150,11	0,02419	
3,880	-0,7985	159,41	150,11	0,02412	
3,900	-0,7985	159,35	150,10	0,02421	
3,920	-0,7985	159,29	150,10	0,02438	
3,940	-0,7985	159,36	150,11	0,02446	
3,960	-0,7985	159,38	150,11	0,02442	
3,980	-0,7985	159,40	150,12	0,02440	
4,000	-0,7985	159,44	150,12	0,02431	
4,020	-0,7985	159,63	150,11	0,02419	
4,040	-0,7985	160,72	150,11	0,02416	
4,060	-0,7985	160,96	150,11	0,02425	
4,080	-0,7985	160,13	150,11	0,02439	
4,100	-0,7985	159,59	150,11	0,02441	
4,120	-0,7985	159,45	150,12	0,02437	
4,140	-0,7985	159,94	150,11	0,02432	
4,160	-0,7985	161,36	150,11	0,02424	
4,180	-0,7985	162,39	150,10	0,02422	
4,200	-0,7985	162,64	150,11	0,02422	
4,220	-0,7985	162,62	150,12	0,02430	
4,240	-0,7985	162,67	150,12	0,02437	
4,260	-0,7985	162,75	150,11	0,02439	
4,280	-0,7985	162,80	150,11	0,02430	
4,300	-0,7985	162,25	150,11	0,02425	
4,320	-0,7985	160,78	150,11	0,02425	
4,340	-0,7985	159,80	150,11	0,02423	
4,360	-0,7985	159,49	150,12	0,02428	
4,380	-0,7985	159,45	150,11	0,02439	
4,400	-0,7985	159,49	150,11	0,02443	
4,420	-0,7985	159,50	150,11	0,02437	
4,440	-0,7985	159,43	150,11	0,02428	
4,460	-0,7985	159,30	150,12	0,02419	
4,480	-0,7985	159,26	150,12	0,02422	
4,500	-0,7985	159,29	150,11	0,02428	
4,520	-0,7985	159,36	150,11	0,02446	
4,540	-0,7985	159,37	150,11	0,02454	
4,560	-0,7985	159,34	150,11	0,02446	
4,580	-0,7985	159,31	150,11	0,02424	
4,600	-0,7985	159,26	150,12	0,02410	
4,620	-0,7985	159,36	150,11	0,02417	
4,640	-0,7985	159,99	150,11	0,02435	
4,660	-0,7985	160,97	150,11	0,02444	
4,680	-0,7985	160,46	150,11	0,02438	
4,700	-0,7985	159,69	150,11	0,02432	
4,720	-0,7985	159,40	150,12	0,02427	
4,740	-0,7985	159,35	150,12	0,02418	
4,760	-0,7985	159,80	150,11	0,02417	
4,780	-0,7985	160,19	150,11	0,02423	
4,800	-0,7985	159,84	150,11	0,02438	
4,820	-0,7985	159,88	150,11	0,02442	
4,840	-0,7985	160,22	150,11	0,02441	
4,860	-0,7985	160,48	150,11	0,02440	
4,880	-0,7985	160,59	150,11	0,02427	
4,900	-0,7985	161,05	150,11	0,02416	
4,920	-0,7985	160,40	150,11	0,02422	
4,940	-0,7985	159,54	150,11	0,02432	
4,960	-0,7985	159,24	150,12	0,02440	
4,980	-0,7985	159,34	150,12	0,02438	
5,000	-0,7985	159,46	150,11	0,02428	
5,020	-0,7985	159,49	150,11	0,02421	
5,040	-0,7985	159,48	150,11	0,02428	
5,060	-0,7985	159,44	150,11	0,02438	
5,080	-0,7985	159,58	150,12	0,02444	
5,100	-0,7985	160,72	150,12	0,02446	
5,120	-0,7985	162,03	150,11	0,02440	
5,140	-0,7985	162,47	150,11	0,02432	
5,160	-0,7985	161,42	150,11	0,02425	
5,180	-0,7985	160,05	150,11	0,02420	
5,200	-0,7985	159,49	150,12	0,02418	
5,220	-0,7985	159,34	150,12	0,02431	
5,240	-0,7985	159,27	150,11	0,02446	
5,260	-0,7985	159,28	150,11	0,02453	
5,280	-0,7985	159,29	150,11	0,02444	
5,300	-0,7985	159,33	150,12	0,02434	
5,320	-0,7985	159,48	150,12	0,02425	
5,340	-0,7985	160,56	150,11	0,02418	
5,360	-0,7985	160,91	150,11	0,02424	
5,380	-0,7985	161,26	150,11	0,02434	
5,400	-0,7985	162,13	150,11	0,02446	
5,420	-0,7985	162,61	150,12	0,02447	
5,440	-0,7985	162,74	150,12	0,02436	
5,460	-0,7985	162,73	150,11	0,02425	
5,480	-0,7985	162,69	150,11	0,02421	
5,500	-0,7985	162,10	150,11	0,02426	
5,520	-0,7985	160,53	150,11	0,02438	
5,540	-0,7985	159,55	150,12	0,02445	
5,560	-0,7985	160,44	150,12	0,02449	
5,580	-0,7985	161,38	150,11	0,02444	
5,600	-0,7985	160,58	150,11	0,02427	
5,620	-0,7985	159,64	150,11	0,02415	
5,640	-0,7985	159,33	150,12	0,02412	
5,660	-0,7985	159,30	150,12	0,02418	
5,680	-0,7985	159,31	150,11	0,02433	
5,700	-0,7985	159,39	150,11	0,02441	
5,720	-0,7985	160,52	150,11	0,02435	
5,740	-0,7985	161,88	150,11	0,02425	
5,760	-0,7985	161,50	150,12	0,02415	
5,780	-0,7985	161,32	150,12	0,02420	
5,800	-0,7985	162,08	150,11	0,02434	
5,820	-0,7985	162,62	150,11	0,02442	
5,840	-0,7985	162,72	150,11	0,02447	
5,860	-0,7985	162,67	150,11	0,02447	
5,880	-0,7985	162,63	150,11	0,02436	
5,900	-0,7985	162,53	150,12	0,02420	
5,920	-0,7985	161,43	150,12	0,02416	
5,940	-0,7985	160,41	150,11	0,02426	
5,960	-0,7985	160,49	150,11	0,02443	
5,980	-0,7985	160,79	150,12	0,02450	
6,000	-0,7985	160,55	150,12	0,02445	
6,020	-0,7984	159,84	150,12	0,02433	
6,040	-0,7985	159,42	150,11	0,02417	
6,060	-0,7985	159,34	150,11	0,02408	
6,080	-0,7985	159,37	150,11	0,02414	
6,100	-0,7985	159,95	150,12	0,02428	
6,120	-0,7985	160,93	150,12	0,02442	
6,140	-0,7985	160,41	150,11	0,02444	
6,160	-0,7985	159,59	150,11	0,02434	
6,180	-0,7985	159,24	150,11	0,02417	
6,200	-0,7985	159,12	150,12	0,02408	
6,220	-0,7985	159,15	150,12	0,02411	
6,240	-0,7985	159,17	150,12	0,02419	
6,260	-0,7985	159,18	150,11	0,02429	
6,280	-0,7985	159,30	150,11	0,02436	
6,300	-0,7984	159,85	150,11	0,02437	
6,320	-0,7985	161,28	150,11	0,02430	
6,340	-0,7985	162,32	150,12	0,02420	
6,360	-0,7985	162,65	150,11	0,02412	
6,380	-0,7985	162,74	150,11	0,02414	
6,400	-0,7985	162,74	150,11	0,02424	
6,420	-0,7985	162,66	150,11	0,02436	
6,440	-0,7985	162,56	150,11	0,02444	
6,460	-0,7985	162,50	150,12	0,02443	
6,480	-0,7985	162,50	150,12	0,02427	
6,500	-0,7985	162,58	150,11	0,02415	
6,520	-0,7985	162,70	150,11	0,02418	
6,540	-0,7985	162,26	150,11	0,02430	
6,560	-0,7985	160,74	150,12	0,02438	
6,580	-0,7985	159,61	150,12	0,02440	
6,600	-0,7985	159,29	150,11	0,02438	
6,620	-0,7985	159,27	150,11	0,02437	
6,640	-0,7985	159,28	150,11	0,02430	
6,660	-0,7985	159,26	150,11	0,02422	
6,680	-0,7985	159,25	150,11	0,02431	
6,700	-0,7985	159,27	150,12	0,02440	
6,720	-0,7985	159,32	150,11	0,02438	
6,740	-0,7985	159,36	150,11	0,02433	
6,760	-0,7985	159,37	150,11	0,02427	
6,780	-0,7985	159,37	150,11	0,02416	
6,800	-0,7985	159,36	150,12	0,02413	
6,820	-0,7985	159,47	150,12	0,02422	
6,840	-0,7985	160,11	150,11	0,02436	
6,860	-0,7985	160,03	150,11	0,02442	
6,880	-0,7985	159,61	150,11	0,02441	
6,900	-0,7985	159,40	150,11	0,02435	
6,920	-0,7985	159,37	150,12	0,02429	
6,940	-0,7985	159,35	150,12	0,02424	
6,960	-0,7985	159,29	150,11	0,02426	
6,980	-0,7985	159,29	150,11	0,02436	
7,000	-0,7985	159,33	150,11	0,02449	
7,020	-0,7985	159,85	150,11	0,02447	
7,040	-0,7985	161,30	150,12	0,02437	
7,060	-0,7985	162,22	150,12	0,02427	
7,080	-0,7985	161,38	150,11	0,02421	
7,100	-0,7985	159,98	150,11	0,02424	
7,120	-0,7985	159,33	150,11	0,02434	
7,140	-0,7985	159,21	150,12	0,02440	
7,160	-0,7985	159,23	150,12	0,02444	
7,180	-0,7985	159,31	150,11	0,02449	
7,200	-0,7985	159,29	150,11	0,02442	
7,220	-0,7985	159,23	150,11	0,02422	
7,240	-0,7985	159,19	150,11	0,02423	
7,260	-0,7985	159,18	150,11	0,02429	
7,280	-0,7985	159,26	150,12	0,02440	
7,300	-0,7985	159,45	150,11	0,02449	
7,320	-0,7985	160,14	150,11	0,02445	
7,340	-0,7985	160,15	150,11	0,02438	
7,360	-0,7985	160,69	150,11	0,02429	
7,380	-0,7985	160,69	150,12	0,02423	
7,400	-0,7985	159,91	150,12	0,02429	
7,420	-0,7985	159,43	150,12	0,02441	
7,440	-0,7985	159,35	150,11	0,02447	
7,460	-0,7985	159,41	150,11	0,02450	
7,480	-0,7985	159,45	150,11	0,02445	
7,500	-0,7985	159,41	150,12	0,02432	
7,520	-0,7985	159,37	150,12	0,02426	
7,540	-0,7985	159,36	150,11	0,02424	
7,560	-0,7985	159,38	150,11	0,02429	
7,580	-0,7985	159,43	150,11	0,02432	
7,600	-0,7985	159,47	150,11	0,02437	
7,620	-0,7985	159,53	150,12	0,02446	
7,640	-0,7985	159,56	150,11	0,02438	
7,660	-0,7985	159,53	150,11	0,02423	
7,680	-0,7985	159,53	150,11	0,02413	
7,700	-0,7985	159,51	150,11	0,02419	
7,720	-0,7985	159,47	150,12	0,02432	
7,740	-0,7985	159,38	150,12	0,02439	
7,760	-0,7985	159,34	150,12	0,02438	
7,780	-0,7985	159,40	150,11	0,02436	
7,800	-0,7985	159,97	150,11	0,02426	
7,820	-0,7985	161,49	150,11	0,02415	
7,840	-0,7985	162,54	150,11	0,02415	
7,860	-0,7985	162,84	150,11	0,02428	
7,880	-0,7985	162,30	150,11	0,02440	
7,900	-0,7985	160,74	150,11	0,02443	
7,920	-0,7985	159,71	150,11	0,02438	
7,940	-0,7985	159,58	150,11	0,02428	
7,960	-0,7990	161,52	150,22	0,02374	
7,980	-0,7983	136,78	150,08	0,02277	
8,000	-0,7981	93,20	150,05	0,02262	
8,020	-0,7983	51,09	150,08	0,02295	
8,040	-0,7981	14,77	150,10	0,02319	
8,060	-0,7953	-12,69	150,11	0,02333	
8,080	-0,7900	-12,13	150,11	0,02338	
8,100	-0,7846	17,53	150,11	0,02330	
8,120	-0,7804	54,10	150,12	0,02326	
8,140	-0,7774	88,51	150,12	0,02332	
8,160	-0,7753	116,20	150,11	0,02343	
8,180	-0,7741	135,65	150,11	0,02355	
8,200	-0,7734	147,56	150,11	0,02361	
8,220	-0,7731	154,92	150,12	0,02355	
8,240	-0,7730	159,58	150,12	0,02339	
8,260	-0,7730	162,02	150,11	0,02324	
8,280	-0,7730	162,67	150,11	0,02326	
8,300	-0,7730	162,76	150,10	0,02339	
8,320	-0,7730	163,88	150,11	0,02350	
8,340	-0,7730	165,34	150,11	0,02359	
8,360	-0,7730	166,06	150,11	0,02355	
8,380	-0,7730	166,14	150,11	0,02339	
8,400	-0,7732	166,07	150,11	0,02323	
8,420	-0,7735	166,05	150,11	0,02324	
8,440	-0,7736	166,10	150,11	0,02338	
8,460	-0,7736	166,12	150,11	0,02354	
8,480	-0,7736	166,15	150,12	0,02357	
8,500	-0,7736	166,10	150,11	0,02358	
8,520	-0,7736	166,01	150,11	0,02348	
8,540	-0,7737	165,97	150,10	0,02330	
8,560	-0,7740	165,97	150,11	0,02321	
8,580	-0,7743	166,06	150,11	0,02330	
8,600	-0,7743	166,05	150,12	0,02345	
8,620	-0,7743	166,09	150,12	0,02355	
8,640	-0,7743	166,11	150,11	0,02356	
8,660	-0,7743	165,51	150,11	0,02345	
8,680	-0,7744	164,01	150,11	0,02337	
8,700	-0,7747	162,99	150,11	0,02329	
8,720	-0,7749	162,65	150,11	0,02330	
8,740	-0,7750	162,58	150,11	0,02346	
8,760	-0,7750	162,56	150,11	0,02363	
8,780	-0,7750	162,62	150,11	0,02369	
8,800	-0,7750	162,66	150,11	0,02365	
8,820	-0,7750	162,67	150,11	0,02356	
8,840	-0,7750	162,64	150,11	0,02346	
8,860	-0,7750	162,62	150,11	0,02341	
8,880	-0,7750	162,57	150,11	0,02345	
8,900	-0,7750	162,63	150,11	0,02356	
8,920	-0,7750	162,64	150,11	0,02362	
8,940	-0,7750	162,66	150,11	0,02357	
8,960	-0,7751	162,72	150,11	0,02354	
8,980	-0,7754	162,71	150,12	0,02345	
9,000	-0,7756	162,73	150,12	0,02334	
9,020	-0,7756	162,74	150,11	0,02341	
9,040	-0,7756	162,71	150,11	0,02349	
9,060	-0,7756	162,75	150,11	0,02361	
9,080	-0,7756	162,77	150,11	0,02366	
9,100	-0,7756	162,74	150,11	0,02366	
9,120	-0,7756	162,76	150,12	0,02355	
9,140	-0,7756	162,70	150,12	0,02347	
9,160	-0,7756	162,72	150,11	0,02348	
9,180	-0,7756	162,79	150,11	0,02355	
9,200	-0,7756	162,79	150,11	0,02366	
9,220	-0,7756	162,76	150,11	0,02371	
9,240	-0,7756	162,74	150,12	0,02372	
9,260	-0,7756	162,68	150,11	0,02361	
9,280	-0,7756	162,69	150,11	0,02349	
9,300	-0,7756	162,74	150,11	0,02345	
9,320	-0,7756	162,79	150,11	0,02346	
9,340	-0,7757	162,76	150,11	0,02356	
9,360	-0,7756	162,70	150,12	0,02367	
9,380	-0,7757	162,74	150,11	0,02363	
9,400	-0,7759	162,71	150,11	0,02352	
9,420	-0,7762	162,71	150,10	0,02344	
9,440	-0,7763	162,74	150,11	0,02342	
9,460	-0,7763	162,68	150,11	0,02342	
9,480	-0,7763	162,70	150,11	0,02346	
9,500	-0,7763	162,74	150,11	0,02355	
9,520	-0,7763	162,74	150,11	0,02363	
9,540	-0,7763	162,70	150,11	0,02366	
9,560	-0,7763	162,65	150,11	0,02365	
9,580	-0,7763	162,64	150,11	0,02351	
9,600	-0,7763	162,66	150,11	0,02342	
9,620	-0,7763	162,75	150,11	0,02350	
9,640	-0,7763	162,74	150,11	0,02364	
9,660	-0,7763	162,67	150,11	0,02375	
9,680	-0,7763	162,70	150,11	0,02377	
9,700	-0,7763	162,74	150,11	0,02362	
9,720	-0,7763	162,73	150,11	0,02348	
9,740	-0,7763	162,72	150,11	0,02340	
9,760	-0,7763	162,67	150,12	0,02345	
9,780	-0,7763	162,65	150,11	0,02355	
9,800	-0,7763	162,74	150,11	0,02368	
9,820	-0,7763	162,78	150,11	0,02370	
9,840	-0,7763	162,76	150,11	0,02356	
9,860	-0,7763	162,75	150,12	0,02340	
9,880	-0,7763	162,70	150,12	0,02339	
9,900	-0,7763	162,71	150,11	0,02349	
9,920	-0,7763	162,75	150,11	0,02357	
9,940	-0,7763	162,69	150,11	0,02361	
9,960	-0,7763	162,63	150,11	0,02367	
9,980	-0,7763	162,72	150,12	0,02357	
10,00	-0,7763	162,74	150,12	0,02342	
10,02	-0,7763	162,73	150,11	0,02340	
10,04	-0,7763	162,78	150,11	0,02341	
10,06	-0,7766	162,76	150,11	0,02349	
10,08	-0,7768	162,78	150,11	0,02355	
10,10	-0,7770	162,82	150,12	0,02364	
10,12	-0,7770	162,80	150,11	0,02364	
10,14	-0,7770	162,83	150,11	0,02356	
10,16	-0,7770	162,89	150,11	0,02337	
10,18	-0,7770	162,76	150,11	0,02329	
10,20	-0,7770	162,61	150,11	0,02334	
10,22	-0,7770	162,64	150,12	0,02351	
10,24	-0,7770	162,69	150,12	0,02366	
10,26	-0,7770	162,69	150,11	0,02364	
10,28	-0,7770	162,76	150,11	0,02353	
10,30	-0,7770	162,73	150,11	0,02348	
10,32	-0,7770	162,70	150,11	0,02344	
10,34	-0,7770	162,72	150,11	0,02347	
10,36	-0,7770	162,75	150,12	0,02357	
10,38	-0,7770	162,69	150,11	0,02364	
10,40	-0,7770	162,65	150,11	0,02367	
10,42	-0,7770	162,70	150,11	0,02361	
10,44	-0,7770	162,66	150,11	0,02345	
10,46	-0,7770	162,71	150,11	0,02340	
10,48	-0,7770	162,71	150,12	0,02349	
10,50	-0,7770	162,62	150,11	0,02362	
10,52	-0,7770	162,63	150,11	0,02371	
10,54	-0,7770	162,63	150,11	0,02369	
10,56	-0,7770	162,63	150,11	0,02363	
10,58	-0,7770	162,68	150,11	0,02347	
10,60	-0,7770	162,68	150,12	0,02340	
10,62	-0,7769	162,66	150,12	0,02342	
10,64	-0,7770	162,71	150,11	0,02354	
10,66	-0,7770	162,72	150,11	0,02367	
10,68	-0,7770	162,72	150,11	0,02373	
10,70	-0,7770	162,70	150,12	0,02368	
10,72	-0,7770	162,64	150,12	0,02361	
10,74	-0,7770	161,63	150,11	0,02348	
10,76	-0,7770	161,28	150,11	0,02351	
10,78	-0,7772	162,09	150,11	0,02359	
10,80	-0,7775	162,69	150,11	0,02364	
10,82	-0,7776	162,81	150,12	0,02368	
10,84	-0,7777	162,71	150,12	0,02373	
10,86	-0,7776	162,66	150,11	0,02370	
10,88	-0,7776	162,72	150,11	0,02360	
10,90	-0,7777	162,78	150,11	0,02348	
10,92	-0,7777	162,71	150,11	0,02342	
10,94	-0,7777	162,68	150,12	0,02354	
10,96	-0,7777	162,73	150,12	0,02367	
10,98	-0,7777	162,70	150,11	0,02376	
11,00	-0,7777	162,67	150,11	0,02373	
11,02	-0,7777	162,72	150,11	0,02357	
11,04	-0,7777	162,69	150,11	0,02344	
11,06	-0,7777	162,68	150,12	0,02338	
11,08	-0,7776	162,72	150,12	0,02343	
11,10	-0,7776	162,73	150,11	0,02356	
11,12	-0,7777	162,75	150,11	0,02366	
11,14	-0,7777	162,74	150,11	0,02368	
11,16	-0,7776	162,68	150,11	0,02364	
11,18	-0,7776	162,69	150,12	0,02349	
11,20	-0,7776	162,77	150,12	0,02339	
11,22	-0,7776	162,78	150,11	0,02349	
11,24	-0,7777	162,77	150,11	0,02363	
11,26	-0,7777	162,83	150,11	0,02367	
11,28	-0,7777	162,82	150,11	0,02368	
11,30	-0,7777	162,78	150,12	0,02365	
11,32	-0,7777	162,84	150,12	0,02354	
11,34	-0,7777	162,79	150,11	0,02348	
11,36	-0,7777	162,73	150,11	0,02356	
11,38	-0,7777	162,75	150,11	0,02357	
11,40	-0,7777	162,78	150,12	0,02358	
11,42	-0,7777	162,77	150,12	0,02357	
11,44	-0,7776	162,86	150,11	0,02356	
11,46	-0,7776	162,81	150,11	0,02358	
11,48	-0,7776	162,74	150,11	0,02356	
11,50	-0,7776	162,77	150,11	0,02353	
11,52	-0,7777	162,75	150,11	0,02358	
11,54	-0,7777	162,77	150,12	0,02373	
11,56	-0,7777	162,78	150,11	0,02378	
11,58	-0,7777	162,68	150,11	0,02378	
11,60	-0,7777	161,67	150,11	0,02370	
11,62	-0,7776	161,22	150,11	0,02350	
11,64	-0,7776	160,80	150,12	0,02341	
11,66	-0,7776	159,87	150,11	0,02348	
11,68	-0,7776	159,84	150,11	0,02358	
11,70	-0,7779	160,74	150,11	0,02363	
11,72	-0,7782	160,44	150,11	0,02365	
11,74	-0,7783	160,79	150,11	0,02363	
11,76	-0,7783	161,91	150,11	0,02357	
11,78	-0,7783	162,49	150,11	0,02354	
11,80	-0,7783	162,63	150,11	0,02351	
11,82	-0,7783	162,61	150,11	0,02350	
11,84	-0,7783	162,61	150,11	0,02357	
11,86	-0,7783	162,69	150,11	0,02367	
11,88	-0,7783	162,73	150,11	0,02373	
11,90	-0,7783	162,64	150,12	0,02362	
11,92	-0,7783	162,58	150,12	0,02348	
11,94	-0,7783	162,55	150,11	0,02339	
11,96	-0,7783	162,53	150,11	0,02341	
11,98	-0,7783	162,62	150,11	0,02354	
12,00	-0,7783	162,57	150,11	0,02370	
12,02	-0,7783	161,51	150,11	0,02375	
12,04	-0,7783	160,52	150,12	0,02376	
12,06	-0,7783	161,21	150,11	0,02370	
12,08	-0,7783	161,56	150,11	0,02352	
12,10	-0,7783	161,94	150,11	0,02347	
12,12	-0,7783	162,41	150,11	0,02356	
12,14	-0,7783	162,63	150,12	0,02368	
12,16	-0,7783	162,72	150,12	0,02371	
12,18	-0,7783	162,28	150,11	0,02371	
12,20	-0,7783	161,27	150,11	0,02360	
12,22	-0,7783	161,67	150,11	0,02346	
12,24	-0,7783	162,46	150,11	0,02344	
12,26	-0,7783	162,77	150,11	0,02349	
12,28	-0,7783	162,77	150,11	0,02364	
12,30	-0,7783	162,73	150,11	0,02375	
12,32	-0,7783	162,76	150,11	0,02375	
12,34	-0,7783	162,76	150,11	0,02361	
12,36	-0,7783	162,69	150,11	0,02350	
12,38	-0,7783	162,63	150,11	0,02346	
12,40	-0,7783	162,69	150,12	0,02350	
12,42	-0,7783	162,71	150,11	0,02360	
12,44	-0,7783	162,69	150,11	0,02368	
12,46	-0,7783	162,71	150,11	0,02372	
12,48	-0,7783	162,72	150,11	0,02366	
12,50	-0,7783	162,67	150,11	0,02356	
12,52	-0,7783	162,71	150,12	0,02348	
12,54	-0,7783	162,68	150,11	0,02346	
12,56	-0,7783	162,63	150,11	0,02355	
12,58	-0,7783	162,66	150,11	0,02367	
12,60	-0,7783	162,68	150,11	0,02375	
12,62	-0,7783	162,66	150,11	0,02374	
12,64	-0,7783	162,59	150,12	0,02364	
12,66	-0,7783	162,60	150,11	0,02354	
12,68	-0,7783	162,60	150,11	0,02351	
12,70	-0,7783	162,62	150,11	0,02357	
12,72	-0,7783	162,65	150,12	0,02371	
12,74	-0,7785	162,66	150,12	0,02375	
12,76	-0,7788	162,31	150,12	0,02374	
12,78	-0,7790	161,90	150,11	0,02369	
12,80	-0,7790	161,19	150,11	0,02354	
12,82	-0,7790	160,09	150,11	0,02340	
12,84	-0,7790	160,43	150,12	0,02347	
12,86	-0,7790	160,67	150,12	0,02366	
12,88	-0,7790	160,32	150,11	0,02379	
12,90	-0,7790	161,29	150,11	0,02377	
12,92	-0,7790	162,29	150,11	0,02368	
12,94	-0,7790	162,65	150,11	0,02361	
12,96	-0,7790	162,69	150,11	0,02352	
12,98	-0,7790	162,70	150,12	0,02348	
13,00	-0,7790	162,70	150,11	0,02354	
13,02	-0,7790	162,74	150,11	0,02366	
13,04	-0,7790	162,74	150,11	0,02375	
13,06	-0,7790	162,73	150,11	0,02380	
13,08	-0,7790	162,75	150,12	0,02372	
13,10	-0,7790	162,33	150,12	0,02353	
13,12	-0,7790	161,20	150,11	0,02340	
13,14	-0,7790	161,47	150,11	0,02345	
13,16	-0,7790	162,29	150,11	0,02356	
13,18	-0,7790	162,67	150,11	0,02372	
13,20	-0,7790	162,72	150,11	0,02382	
13,22	-0,7790	162,58	150,12	0,02372	
13,24	-0,7790	161,97	150,11	0,02358	
13,26	-0,7790	162,07	150,11	0,02356	
13,28	-0,7790	162,49	150,10	0,02352	
13,30	-0,7790	162,66	150,11	0,02348	
13,32	-0,7790	162,65	150,11	0,02358	
13,34	-0,7790	162,62	150,12	0,02373	
13,36	-0,7790	162,62	150,12	0,02380	
13,38	-0,7790	162,62	150,11	0,02372	
13,40	-0,7790	162,54	150,11	0,02360	
13,42	-0,7790	162,50	150,11	0,02351	
13,44	-0,7790	162,57	150,11	0,02348	
13,46	-0,7790	162,60	150,12	0,02356	
13,48	-0,7790	162,56	150,12	0,02365	
13,50	-0,7790	162,61	150,11	0,02370	
13,52	-0,7790	162,64	150,11	0,02365	
13,54	-0,7790	162,64	150,11	0,02354	
13,56	-0,7790	162,70	150,12	0,02344	
13,58	-0,7790	162,69	150,12	0,02343	
13,60	-0,7790	162,66	150,11	0,02359	
13,62	-0,7790	162,60	150,11	0,02376	
13,64	-0,7790	162,57	150,11	0,02379	
13,66	-0,7790	161,56	150,11	0,02369	
13,68	-0,7790	160,17	150,11	0,02358	
13,70	-0,7790	160,49	150,11	0,02347	
13,72	-0,7790	161,22	150,11	0,02345	
13,74	-0,7790	161,97	150,11	0,02356	
13,76	-0,7790	162,57	150,11	0,02364	
13,78	-0,7790	162,77	150,11	0,02375	
13,80	-0,7790	162,74	150,11	0,02377	
13,82	-0,7790	162,67	150,12	0,02370	
13,84	-0,7790	162,69	150,11	0,02360	
13,86	-0,7790	162,76	150,11	0,02355	
13,88	-0,7790	162,84	150,11	0,02359	
13,90	-0,7790	162,85	150,11	0,02366	
13,92	-0,7790	162,83	150,12	0,02372	
13,94	-0,7790	162,75	150,12	0,02370	
13,96	-0,7790	162,69	150,11	0,02361	
13,98	-0,7790	162,73	150,11	0,02352	
14,00	-0,7790	162,73	150,11	0,02356	
14,02	-0,7791	162,73	150,11	0,02364	
14,04	-0,7794	162,77	150,12	0,02369	
14,06	-0,7796	162,71	150,12	0,02372	
14,08	-0,7797	162,66	150,11	0,02372	
14,10	-0,7797	162,72	150,11	0,02368	
14,12	-0,7797	162,81	150,11	0,02364	
14,14	-0,7797	162,78	150,11	0,02356	
14,16	-0,7796	162,75	150,12	0,02349	
14,18	-0,7797	162,72	150,12	0,02350	
14,20	-0,7797	161,71	150,12	0,02362	
14,22	-0,7797	160,64	150,11	0,02375	
14,24	-0,7797	161,28	150,11	0,02375	
14,26	-0,7797	162,22	150,12	0,02365	
14,28	-0,7797	162,59	150,12	0,02356	
14,30	-0,7797	162,55	150,11	0,02350	
14,32	-0,7797	162,52	150,11	0,02351	
14,34	-0,7797	162,57	150,11	0,02359	
14,36	-0,7797	162,62	150,11	0,02366	
14,38	-0,7797	162,63	150,12	0,02370	
14,40	-0,7797	162,65	150,12	0,02362	
14,42	-0,7797	162,69	150,11	0,02350	
14,44	-0,7797	162,67	150,11	0,02347	
14,46	-0,7796	162,70	150,11	0,02351	
14,48	-0,7797	162,77	150,12	0,02355	
14,50	-0,7797	162,76	150,12	0,02356	
14,52	-0,7797	162,72	150,11	0,02361	
14,54	-0,7797	162,66	150,11	0,02368	
14,56	-0,7797	162,63	150,11	0,02361	
14,58	-0,7797	162,60	150,11	0,02350	
14,60	-0,7797	162,61	150,12	0,02349	
14,62	-0,7797	162,64	150,12	0,02362	
14,64	-0,7797	162,60	150,11	0,02372	
14,66	-0,7797	162,54	150,11	0,02370	
14,68	-0,7797	162,50	150,11	0,02371	
14,70	-0,7797	162,46	150,11	0,02368	
14,72	-0,7797	161,46	150,12	0,02352	
14,74	-0,7797	160,01	150,12	0,02343	
14,76	-0,7797	160,31	150,11	0,02352	
14,78	-0,7797	160,69	150,11	0,02371	
14,80	-0,7797	160,09	150,11	0,02380	
14,82	-0,7797	160,48	150,12	0,02380	
14,84	-0,7797	160,76	150,12	0,02373	
14,86	-0,7797	161,00	150,12	0,02361	
14,88	-0,7797	161,96	150,11	0,02352	
14,90	-0,7797	162,56	150,11	0,02348	
14,92	-0,7797	162,70	150,11	0,02358	
14,94	-0,7797	162,65	150,12	0,02371	
14,96	-0,7797	162,57	150,12	0,02380	
14,98	-0,7797	162,59	150,11	0,02374	
15,00	-0,7797	162,63	150,11	0,02361	
15,02	-0,7797	162,68	150,11	0,02353	
15,04	-0,7797	162,59	150,12	0,02352	
15,06	-0,7797	162,56	150,12	0,02351	
15,08	-0,7797	162,63	150,11	0,02355	
15,10	-0,7797	162,61	150,11	0,02373	
15,12	-0,7797	162,57	150,11	0,02378	
15,14	-0,7797	162,65	150,12	0,02364	
15,16	-0,7797	162,69	150,12	0,02354	
15,18	-0,7797	162,67	150,12	0,02351	
15,20	-0,7797	162,64	150,11	0,02354	
15,22	-0,7797	162,25	150,11	0,02365	
15,24	-0,7797	160,83	150,11	0,02375	
15,26	-0,7797	159,73	150,11	0,02380	
15,28	-0,7797	159,38	150,12	0,02374	
15,30	-0,7797	159,33	150,11	0,02360	
15,32	-0,7797	159,45	150,11	0,02350	
15,34	-0,7797	160,38	150,11	0,02351	
15,36	-0,7797	161,42	150,11	0,02364	
15,38	-0,7797	161,77	150,11	0,02373	
15,40	-0,7797	162,26	150,12	0,02372	
15,42	-0,7797	162,59	150,12	0,02369	
15,44	-0,7797	162,67	150,11	0,02362	
15,46	-0,7799	162,61	150,11	0,02349	
15,48	-0,7802	162,56	150,10	0,02351	
15,50	-0,7803	162,64	150,11	0,02366	
15,52	-0,7804	162,23	150,11	0,02374	
15,54	-0,7803	160,75	150,12	0,02378	
15,56	-0,7803	160,66	150,11	0,02374	
15,58	-0,7803	161,41	150,11	0,02369	
15,60	-0,7803	160,70	150,10	0,02360	
15,62	-0,7803	160,75	150,11	0,02353	
15,64	-0,7803	161,84	150,11	0,02359	
15,66	-0,7803	162,51	150,12	0,02371	
15,68	-0,7803	162,71	150,11	0,02384	
15,70	-0,7803	162,69	150,11	0,02383	
15,72	-0,7803	162,63	150,10	0,02375	
15,74	-0,7803	162,62	150,10	0,02365	
15,76	-0,7803	162,57	150,11	0,02356	
15,78	-0,7803	161,61	150,11	0,02354	
15,80	-0,7803	161,19	150,12	0,02362	
15,82	-0,7804	161,92	150,11	0,02372	
15,84	-0,7804	162,49	150,11	0,02381	
15,86	-0,7804	162,64	150,11	0,02384	
15,88	-0,7804	162,61	150,11	0,02375	
15,90	-0,7804	162,58	150,11	0,02363	
15,92	-0,7804	162,64	150,12	0,02362	
15,94	-0,7804	162,58	150,11	0,02362	
15,96	-0,7804	161,86	150,11	0,02368	
15,98	-0,7804	161,84	150,11	0,02376	
16,00	-0,7804	162,37	150,11	0,02373	
16,02	-0,7803	162,65	150,11	0,02364	
16,04	-0,7803	162,62	150,12	0,02351	
16,06	-0,7804	162,56	150,12	0,02350	
16,08	-0,7804	162,53	150,11	0,02356	
16,10	-0,7804	162,54	150,11	0,02363	
16,12	-0,7804	162,55	150,10	0,02370	
16,14	-0,7803	162,51	150,11	0,02378	
16,16	-0,7803	162,54	150,12	0,02371	
16,18	-0,7804	162,49	150,12	0,02357	
16,20	-0,7804	162,42	150,11	0,02352	
16,22	-0,7804	162,48	150,11	0,02361	
16,24	-0,7804	162,59	150,11	0,02367	
16,26	-0,7804	162,56	150,11	0,02368	
16,28	-0,7803	162,52	150,11	0,02370	
16,30	-0,7803	162,45	150,12	0,02362	
16,32	-0,7803	162,44	150,11	0,02347	
16,34	-0,7804	162,51	150,11	0,02350	
16,36	-0,7803	162,55	150,11	0,02360	
16,38	-0,7803	162,53	150,11	0,02371	
16,40	-0,7803	162,55	150,11	0,02373	
16,42	-0,7803	162,53	150,12	0,02367	
16,44	-0,7803	162,55	150,11	0,02355	
16,46	-0,7803	162,67	150,11	0,02346	
16,48	-0,7803	162,69	150,11	0,02344	
16,50	-0,7803	162,57	150,11	0,02348	
16,52	-0,7803	162,48	150,11	0,02357	
16,54	-0,7803	162,45	150,12	0,02374	
16,56	-0,7803	162,14	150,11	0,02378	
16,58	-0,7803	161,77	150,11	0,02369	
16,60	-0,7803	162,12	150,11	0,02359	
16,62	-0,7803	162,46	150,10	0,02350	
16,64	-0,7803	162,62	150,11	0,02344	
16,66	-0,7803	162,64	150,11	0,02346	
16,68	-0,7803	162,60	150,11	0,02357	
16,70	-0,7803	162,63	150,11	0,02367	
16,72	-0,7803	162,68	150,11	0,02374	
16,74	-0,7803	162,30	150,11	0,02365	
16,76	-0,7803	161,78	150,11	0,02351	
16,78	-0,7803	162,07	150,11	0,02347	
16,80	-0,7803	162,47	150,12	0,02348	
16,82	-0,7803	162,57	150,11	0,02356	
16,84	-0,7803	162,52	150,11	0,02366	
16,86	-0,7804	162,50	150,11	0,02372	
16,88	-0,7807	162,50	150,11	0,02369	
16,90	-0,7809	162,56	150,11	0,02360	
16,92	-0,7810	162,59	150,11	0,02345	
16,94	-0,7810	162,58	150,12	0,02346	
16,96	-0,7810	162,56	150,12	0,02358	
16,98	-0,7810	162,54	150,11	0,02361	
17,00	-0,7810	162,57	150,11	0,02359	
17,02	-0,7810	162,56	150,11	0,02354	
17,04	-0,7810	162,52	150,12	0,02346	
17,06	-0,7810	162,60	150,11	0,02341	
17,08	-0,7810	162,63	150,11	0,02346	
17,10	-0,7810	162,59	150,11	0,02356	
17,12	-0,7810	162,57	150,10	0,02363	
17,14	-0,7810	162,50	150,10	0,02368	
17,16	-0,7810	161,51	150,11	0,02368	
17,18	-0,7810	161,03	150,11	0,02363	
17,20	-0,7810	161,74	150,11	0,02359	
17,22	-0,7810	161,37	150,11	0,02352	
17,24	-0,7810	160,49	150,11	0,02348	
17,26	-0,7810	160,82	150,11	0,02353	
17,28	-0,7810	160,43	150,11	0,02359	
17,30	-0,7810	159,70	150,11	0,02365	
17,32	-0,7810	160,24	150,11	0,02368	
17,34	-0,7810	160,67	150,11	0,02363	
17,36	-0,7810	160,31	150,11	0,02358	
17,38	-0,7810	161,15	150,11	0,02360	
17,40	-0,7810	161,78	150,11	0,02361	
17,42	-0,7810	160,71	150,11	0,02364	
17,44	-0,7810	159,93	150,12	0,02372	
17,46	-0,7810	160,67	150,12	0,02376	
17,48	-0,7810	160,44	150,11	0,02367	
17,50	-0,7810	160,06	150,11	0,02352	
17,52	-0,7810	160,74	150,11	0,02348	
17,54	-0,7810	160,42	150,12	0,02353	
17,56	-0,7810	160,05	150,12	0,02367	
17,58	-0,7810	161,12	150,11	0,02380	
17,60	-0,7810	161,29	150,10	0,02381	
17,62	-0,7810	161,14	150,11	0,02373	
17,64	-0,7810	161,90	150,11	0,02355	
17,66	-0,7810	162,46	150,12	0,02345	
17,68	-0,7810	162,64	150,12	0,02353	
17,70	-0,7810	162,68	150,11	0,02370	
17,72	-0,7810	162,65	150,11	0,02380	
17,74	-0,7810	162,64	150,11	0,02374	
17,76	-0,7810	162,58	150,11	0,02364	
17,78	-0,7810	162,53	150,11	0,02359	
17,80	-0,7810	162,54	150,12	0,02354	
17,82	-0,7810	162,48	150,11	0,02349	
17,84	-0,7810	162,46	150,11	0,02354	
17,86	-0,7810	162,43	150,11	0,02362	
17,88	-0,7810	162,39	150,11	0,02367	
17,90	-0,7810	162,44	150,11	0,02358	
17,92	-0,7810	162,49	150,12	0,02348	
17,94	-0,7810	162,49	150,11	0,02350	
17,96	-0,7810	162,16	150,11	0,02357	
17,98	-0,7810	161,15	150,11	0,02367	
18,00	-0,7810	161,03	150,11	0,02374	
18,02	-0,7810	160,72	150,11	0,02374	
18,04	-0,7810	161,38	150,12	0,02369	
18,06	-0,7810	162,20	150,11	0,02365	
18,08	-0,7810	162,50	150,11	0,02350	
18,10	-0,7810	162,60	150,11	0,02342	
18,12	-0,7810	162,63	150,11	0,02352	
18,14	-0,7810	162,62	150,11	0,02371	
18,16	-0,7810	162,63	150,11	0,02374	
18,18	-0,7810	162,62	150,12	0,02375	
18,20	-0,7810	162,55	150,11	0,02369	
18,22	-0,7810	162,53	150,11	0,02357	
18,24	-0,7810	162,62	150,10	0,02354	
18,26	-0,7810	162,65	150,10	0,02359	
18,28	-0,7810	162,67	150,11	0,02369	
18,30	-0,7810	162,62	150,11	0,02374	
18,32	-0,7810	162,01	150,12	0,02373	
18,34	-0,7810	161,96	150,11	0,02368	
18,36	-0,7810	162,40	150,11	0,02356	
18,38	-0,7810	162,65	150,11	0,02348	
18,40	-0,7810	162,70	150,11	0,02346	
18,42	-0,7810	162,70	150,11	0,02355	
18,44	-0,7810	162,64	150,11	0,02366	
18,46	-0,7810	162,66	150,11	0,02376	
18,48	-0,7810	162,63	150,11	0,02378	
18,50	-0,7810	161,66	150,11	0,02371	
18,52	-0,7810	160,19	150,11	0,02360	
18,54	-0,7810	160,37	150,11	0,02354	
18,56	-0,7810	160,75	150,12	0,02357	
18,58	-0,7810	160,11	150,12	0,02367	
18,60	-0,7810	160,49	150,11	0,02376	
18,62	-0,7810	161,71	150,11	0,02379	
18,64	-0,7810	162,47	150,11	0,02377	
18,66	-0,7810	162,69	150,11	0,02361	
18,68	-0,7811	163,40	150,14	0,02352	
18,70	-0,7812	161,53	150,15	0,02344	
18,72	-0,7811	152,10	150,13	0,02335	
18,74	-0,7810	139,13	150,12	0,02336	
18,76	-0,7810	125,56	150,11	0,02343	
18,78	-0,7809	111,02	150,11	0,02352	
18,80	-0,7804	97,12	150,11	0,02352	
18,82	-0,7795	88,56	150,11	0,02345	
18,84	-0,7785	82,86	150,11	0,02334	
18,86	-0,7773	77,77	150,11	0,02334	
18,88	-0,7760	73,01	150,11	0,02342	
18,90	-0,7744	69,81	150,11	0,02351	
18,92	-0,7728	68,75	150,11	0,02359	
18,94	-0,7711	69,63	150,10	0,02359	
18,96	-0,7694	72,15	150,10	0,02346	
18,98	-0,7679	75,39	150,11	0,02338	
19,00	-0,7662	78,81	150,11	0,02332	
19,02	-0,7646	82,12	150,11	0,02330	
19,04	-0,7632	84,48	150,11	0,02342	
19,06	-0,7619	85,37	150,11	0,02351	
19,08	-0,7605	85,51	150,10	0,02353	
19,10	-0,7592	85,48	150,10	0,02354	
19,12	-0,7578	85,40	150,10	0,02348	
19,14	-0,7565	85,41	150,11	0,02341	
19,16	-0,7551	85,41	150,11	0,02342	
19,18	-0,7538	85,44	150,11	0,02347	
19,20	-0,7524	85,14	150,11	0,02356	
19,22	-0,7511	83,67	150,11	0,02357	
19,24	-0,7497	82,78	150,10	0,02349	
19,26	-0,7484	82,91	150,10	0,02336	
19,28	-0,7471	82,61	150,11	0,02331	
19,30	-0,7457	82,26	150,11	0,02331	
19,32	-0,7444	82,06	150,11	0,02340	
19,34	-0,7431	82,07	150,11	0,02349	
19,36	-0,7417	82,07	150,11	0,02358	
19,38	-0,7404	82,00	150,11	0,02356	
19,40	-0,7390	81,94	150,10	0,02345	
19,42	-0,7377	81,94	150,10	0,02335	
19,44	-0,7363	82,01	150,11	0,02332	
19,46	-0,7346	82,05	150,11	0,02342	
19,48	-0,7330	82,06	150,11	0,02356	
19,50	-0,7316	82,09	150,11	0,02360	
19,52	-0,7303	82,06	150,11	0,02353	
19,54	-0,7290	81,15	150,10	0,02348	
19,56	-0,7276	79,66	150,10	0,02341	
19,58	-0,7263	78,92	150,11	0,02334	
19,60	-0,7249	78,78	150,11	0,02331	
19,62	-0,7233	78,75	150,11	0,02340	
19,64	-0,7217	78,77	150,11	0,02352	
19,66	-0,7202	78,81	150,11	0,02360	
19,68	-0,7189	78,79	150,11	0,02364	
19,70	-0,7176	78,74	150,11	0,02351	
19,72	-0,7160	78,72	150,10	0,02336	
19,74	-0,7144	78,72	150,11	0,02332	
19,76	-0,7129	78,73	150,11	0,02338	
19,78	-0,7115	78,67	150,11	0,02351	
19,80	-0,7102	78,62	150,11	0,02363	
19,82	-0,7088	78,71	150,11	0,02355	
19,84	-0,7074	78,84	150,10	0,02339	
19,86	-0,7058	78,55	150,11	0,02330	
19,88	-0,7042	77,07	150,11	0,02331	
19,90	-0,7028	75,86	150,11	0,02344	
19,92	-0,7014	75,41	150,11	0,02363	
19,94	-0,6999	75,33	150,11	0,02369	
19,96	-0,6983	75,35	150,11	0,02368	
19,98	-0,6968	75,32	150,11	0,02360	
20,00	-0,6954	75,34	150,11	0,02348	
20,02	-0,6938	75,37	150,11	0,02342	
20,04	-0,6922	75,37	150,12	0,02340	
20,06	-0,6907	75,35	150,11	0,02346	
20,08	-0,6893	75,33	150,11	0,02361	
20,10	-0,6877	75,37	150,11	0,02374	
20,12	-0,6861	75,37	150,11	0,02372	
20,14	-0,6846	75,35	150,11	0,02351	
20,16	-0,6830	75,35	150,11	0,02334	
20,18	-0,6814	75,33	150,11	0,02334	
20,20	-0,6800	74,95	150,11	0,02346	
20,22	-0,6785	73,47	150,11	0,02361	
20,24	-0,6769	72,28	150,11	0,02366	
20,26	-0,6753	71,91	150,11	0,02360	
20,28	-0,6738	71,92	150,11	0,02347	
20,30	-0,6722	72,00	150,12	0,02335	
20,32	-0,6706	71,96	150,11	0,02335	
20,34	-0,6691	71,91	150,11	0,02351	
20,36	-0,6675	71,88	150,11	0,02362	
20,38	-0,6659	71,87	150,11	0,02364	
20,40	-0,6643	71,89	150,11	0,02359	
20,42	-0,6626	71,87	150,12	0,02348	
20,44	-0,6611	71,89	150,12	0,02337	
20,46	-0,6594	71,92	150,11	0,02333	
20,48	-0,6578	71,90	150,11	0,02333	
20,50	-0,6562	71,86	150,10	0,02342	
20,52	-0,6546	71,83	150,10	0,02355	
20,54	-0,6530	71,86	150,11	0,02362	
20,56	-0,6514	71,92	150,11	0,02358	
20,58	-0,6498	71,96	150,11	0,02347	
20,60	-0,6482	71,89	150,11	0,02335	
20,62	-0,6465	71,83	150,11	0,02332	
20,64	-0,6450	71,62	150,13	0,02345	
20,66	-0,6433	70,28	150,39	0,02358	
20,68	-0,6417	69,08	151,17	0,02361	
20,70	-0,6401	68,67	152,32	0,02353	
20,72	-0,6385	68,67	153,65	0,02342	
20,74	-0,6368	68,63	155,02	0,02340	
20,76	-0,6351	68,50	155,95	0,02348	
20,78	-0,6336	68,43	156,57	0,02353	
20,80	-0,6319	67,52	157,47	0,02353	
20,82	-0,6303	66,08	159,22	0,02353	
20,84	-0,6286	65,30	161,45	0,02354	
20,86	-0,6269	65,12	163,82	0,02344	
20,88	-0,6252	65,15	165,97	0,02336	
20,90	-0,6236	65,20	167,43	0,02333	
20,92	-0,6218	65,14	168,65	0,02339	
20,94	-0,6201	65,09	170,25	0,02355	
20,96	-0,6183	65,10	172,12	0,02359	
20,98	-0,6167	65,12	174,13	0,02359	
21,00	-0,6149	65,24	176,00	0,02359	
21,02	-0,6131	65,26	177,69	0,02348	
21,04	-0,6115	65,18	179,29	0,02337	
21,06	-0,6098	65,09	180,76	0,02336	
21,08	-0,6081	64,78	182,23	0,02348	
21,10	-0,6064	63,44	183,53	0,02359	
21,12	-0,6046	62,22	184,69	0,02361	
21,14	-0,6029	61,78	185,78	0,02353	
21,16	-0,6012	61,76	186,86	0,02338	
21,18	-0,5995	61,80	188,12	0,02331	
21,20	-0,5977	61,88	189,52	0,02339	
21,22	-0,5959	61,93	191,06	0,02352	
21,24	-0,5941	61,95	192,70	0,02363	
21,26	-0,5923	61,94	194,31	0,02364	
21,28	-0,5905	61,91	195,81	0,02355	
21,30	-0,5887	61,91	197,27	0,02345	
21,32	-0,5869	61,94	198,72	0,02338	
21,34	-0,5851	61,93	200,24	0,02331	
21,36	-0,5833	61,90	201,93	0,02338	
21,38	-0,5815	61,90	203,56	0,02349	
21,40	-0,5797	61,82	205,08	0,02361	
21,42	-0,5779	60,93	206,52	0,02369	
21,44	-0,5761	59,53	207,99	0,02353	
21,46	-0,5744	58,78	209,39	0,02341	
21,48	-0,5726	58,66	210,71	0,02343	
21,50	-0,5708	58,65	212,09	0,02343	
21,52	-0,5690	57,60	213,59	0,02346	
21,54	-0,5669	55,63	215,10	0,02357	
21,56	-0,5650	58,61	216,55	0,02367	
21,58	-0,5633	68,51	217,80	0,02358	
21,60	-0,5616	81,93	218,75	0,02342	
21,62	-0,5599	96,98	219,46	0,02339	
21,64	-0,5584	111,66	220,08	0,02347	
21,66	-0,5573	123,05	220,60	0,02367	
21,68	-0,5566	129,18	220,98	0,02380	
21,70	-0,5560	133,00	221,20	0,02375	
21,72	-0,5554	137,85	221,34	0,02362	
21,74	-0,5548	143,29	221,52	0,02353	
21,76	-0,5543	148,58	221,73	0,02350	
21,78	-0,5541	153,59	221,91	0,02347	
21,80	-0,5540	157,65	222,03	0,02355	
21,82	-0,5540	161,09	222,13	0,02370	
21,84	-0,5540	164,18	222,22	0,02377	
21,86	-0,5540	166,80	222,28	0,02370	
21,88	-0,5540	168,62	222,29	0,02353	
21,90	-0,5541	170,10	222,32	0,02344	
21,92	-0,5540	170,60	222,38	0,02341	
21,94	-0,5540	167,96	222,48	0,02347	
21,96	-0,5544	167,06	222,59	0,02363	
21,98	-0,5547	165,67	222,72	0,02366	
22,00	-0,5547	155,24	222,92	0,02359	
22,02	-0,5546	140,73	223,33	0,02352	
22,04	-0,5546	128,23	223,95	0,02346	
22,06	-0,5545	113,02	224,66	0,02339	
22,08	-0,5542	101,16	225,39	0,02344	
22,10	-0,5535	101,35	226,11	0,02355	
22,12	-0,5526	107,49	226,67	0,02365	
22,14	-0,5518	114,50	227,02	0,02368	
22,16	-0,5510	123,01	227,25	0,02366	
22,18	-0,5505	130,04	227,43	0,02361	
22,20	-0,5502	135,03	227,63	0,02355	
22,22	-0,5498	134,34	227,84	0,02342	
22,24	-0,5494	127,76	228,11	0,02346	
22,26	-0,5491	121,28	228,57	0,02364	
22,28	-0,5488	114,87	229,08	0,02374	
22,30	-0,5483	105,11	229,61	0,02369	
22,32	-0,5476	99,23	230,26	0,02359	
22,34	-0,5469	99,84	230,93	0,02342	
22,36	-0,5462	103,28	231,61	0,02338	
22,38	-0,5456	108,31	232,15	0,02348	
22,40	-0,5450	115,61	232,55	0,02362	
22,42	-0,5445	122,56	232,91	0,02371	
22,44	-0,5441	128,15	233,21	0,02372	
22,46	-0,5438	131,24	233,33	0,02356	
22,48	-0,5435	132,85	233,41	0,02343	
22,50	-0,5435	135,03	233,56	0,02342	
22,52	-0,5432	132,08	233,81	0,02337	
22,54	-0,5428	122,47	234,23	0,02339	
22,56	-0,5426	110,42	234,83	0,02348	
22,58	-0,5424	97,19	235,60	0,02351	
22,60	-0,5419	81,06	236,52	0,02353	
22,62	-0,5412	66,84	237,53	0,02349	
22,64	-0,5404	57,79	238,59	0,02342	
22,66	-0,5396	55,02	239,61	0,02335	
22,68	-0,5389	57,41	240,47	0,02345	
22,70	-0,5381	61,78	241,18	0,02360	
22,72	-0,5372	68,07	241,71	0,02370	
22,74	-0,5363	76,47	242,09	0,02365	
22,76	-0,5356	83,27	242,41	0,02357	
22,78	-0,5351	88,23	242,67	0,02350	
22,80	-0,5345	93,80	242,86	0,02353	
22,82	-0,5338	100,39	242,98	0,02367	
22,84	-0,5333	108,41	243,08	0,02373	
22,86	-0,5328	116,13	243,14	0,02367	
22,88	-0,5323	121,93	243,16	0,02353	
22,90	-0,5321	128,44	243,20	0,02346	
22,92	-0,5320	132,37	243,29	0,02340	
22,94	-0,5317	127,65	243,54	0,02336	
22,96	-0,5313	116,64	244,05	0,02342	
22,98	-0,5311	103,65	244,76	0,02347	
23,00	-0,5308	87,95	245,56	0,02351	
23,02	-0,5303	73,79	246,42	0,02344	
23,04	-0,5298	68,95	247,23	0,02336	
23,06	-0,5294	71,18	247,95	0,02334	
23,08	-0,5288	75,35	248,52	0,02338	
23,10	-0,5282	80,57	248,93	0,02352	
23,12	-0,5278	85,73	249,22	0,02371	
23,14	-0,5274	89,26	249,43	0,02376	
23,16	-0,5270	91,74	249,63	0,02367	
23,18	-0,5266	94,88	249,78	0,02351	
23,20	-0,5263	99,57	249,94	0,02341	
23,22	-0,5257	101,17	250,11	0,02336	
23,24	-0,5253	99,26	250,34	0,02345	
23,26	-0,5251	98,66	250,63	0,02356	
23,28	-0,5248	95,28	250,99	0,02356	
23,30	-0,5244	87,17	251,50	0,02352	
23,32	-0,5239	78,41	252,17	0,02350	
23,34	-0,5235	69,89	252,95	0,02342	
23,36	-0,5230	57,82	253,81	0,02336	
23,38	-0,5226	48,39	254,70	0,02343	
23,40	-0,5222	45,04	255,49	0,02358	
23,42	-0,5218	45,19	256,13	0,02375	
23,44	-0,5214	48,01	256,67	0,02374	
23,46	-0,5209	52,12	257,14	0,02354	
23,48	-0,5206	54,58	257,51	0,02349	
23,50	-0,5202	56,17	257,81	0,02353	
23,52	-0,5198	58,61	258,00	0,02361	
23,54	-0,5194	62,32	258,14	0,02367	
23,56	-0,5190	66,70	258,25	0,02371	
23,58	-0,5185	70,78	258,35	0,02372	
23,60	-0,5183	77,35	258,47	0,02367	
23,62	-0,5181	82,17	258,58	0,02350	
23,64	-0,5177	77,33	258,82	0,02335	
23,66	-0,5173	67,01	259,29	0,02333	
23,68	-0,5169	55,34	259,96	0,02331	
23,70	-0,5165	39,58	260,79	0,02334	
23,72	-0,5161	20,25	261,75	0,02343	
23,74	-0,5155	5,551	262,79	0,02355	
23,76	-0,5151	-0,8304	263,83	0,02354	
23,78	-0,5147	-2,057	264,74	0,02344	
23,80	-0,5143	-1,627	265,47	0,02347	
23,82	-0,5137	0,03659	266,05	0,02354	
23,84	-0,5131	3,422	266,49	0,02367	
23,86	-0,5125	6,529	266,85	0,02380	
23,88	-0,5121	8,782	267,18	0,02380	
23,90	-0,5116	11,82	267,44	0,02369	
23,92	-0,5112	16,67	267,62	0,02352	
23,94	-0,5107	23,00	267,75	0,02342	
23,96	-0,5101	29,79	267,83	0,02351	
23,98	-0,5096	36,49	267,90	0,02362	
24,00	-0,5092	43,20	268,02	0,02373	
24,02	-0,5091	50,77	268,14	0,02380	
24,04	-0,5087	52,97	268,30	0,02369	
24,06	-0,5081	47,35	268,89	0,02346	
24,08	-0,5077	41,95	269,80	0,02333	
24,10	-0,5075	40,78	270,53	0,02341	
24,12	-0,5071	41,47	270,87	0,02364	
24,14	-0,5067	46,23	270,97	0,02375	
24,16	-0,5062	54,21	270,99	0,02371	
24,18	-0,5059	60,04	271,06	0,02370	
24,20	-0,5058	62,61	271,25	0,02360	
24,22	-0,5054	57,72	271,99	0,02336	
24,24	-0,5049	48,24	273,14	0,02330	
24,26	-0,5045	42,48	274,06	0,02340	
24,28	-0,5042	42,05	274,39	0,02359	
24,30	-0,5040	43,88	274,41	0,02374	
24,32	-0,5037	47,27	274,68	0,02374	
24,34	-0,5031	46,16	275,41	0,02358	
24,36	-0,5028	45,24	275,87	0,02344	
24,38	-0,5025	42,00	276,27	0,02341	
24,40	-0,5020	33,18	276,89	0,02345	
24,42	-0,5017	28,49	277,24	0,02358	
24,44	-0,5013	30,42	277,59	0,02367	
24,46	-0,5009	29,48	277,98	0,02364	
24,48	-0,5007	29,57	278,16	0,02359	
24,50	-0,5004	31,32	278,70	0,02353	
24,52	-0,4998	26,73	279,50	0,02347	
24,54	-0,4995	23,18	279,95	0,02348	
24,56	-0,4991	22,65	280,25	0,02352	
24,58	-0,4987	19,78	280,47	0,02360	
24,60	-0,4985	19,95	280,71	0,02365	
24,62	-0,4980	22,60	281,26	0,02363	
24,64	-0,4976	20,37	281,88	0,02352	
24,66	-0,4973	18,75	282,32	0,02340	
24,68	-0,4968	17,24	282,84	0,02331	
24,70	-0,4963	12,67	283,31	0,02336	
24,72	-0,4960	13,18	283,52	0,02348	
24,74	-0,4957	15,22	283,96	0,02359	
24,76	-0,4952	11,08	284,66	0,02371	
24,78	-0,4948	8,562	285,12	0,02373	
24,80	-0,4944	7,473	285,52	0,02363	
24,82	-0,4939	4,401	285,95	0,02352	
24,84	-0,4935	4,092	286,26	0,02347	
24,86	-0,4930	4,673	286,71	0,02352	
24,88	-0,4925	2,874	287,18	0,02366	
24,90	-0,4922	3,171	287,53	0,02371	
24,92	-0,4916	1,423	288,11	0,02373	
24,94	-0,4911	-2,106	288,67	0,02366	
24,96	-0,4908	-2,155	289,03	0,02354	
24,98	-0,4903	-3,059	289,43	0,02345	
25,00	-0,4898	-6,010	289,79	0,02349	
25,02	-0,4895	-4,512	290,09	0,02360	
25,04	-0,4890	-5,093	290,72	0,02369	
25,06	-0,4885	-9,681	291,43	0,02370	
25,08	-0,4881	-9,322	291,78	0,02362	
25,10	-0,4877	-8,080	291,95	0,02360	
25,12	-0,4872	-8,826	292,16	0,02353	
25,14	-0,4867	-7,799	292,68	0,02347	
25,16	-0,4860	-8,873	293,53	0,02345	
25,18	-0,4856	-10,95	294,15	0,02353	
25,20	-0,4852	-11,11	294,52	0,02363	
25,22	-0,4847	-12,95	294,88	0,02359	
25,24	-0,4842	-12,14	295,10	0,02350	
25,26	-0,4837	-8,685	295,49	0,02345	
25,28	-0,4831	-10,13	296,13	0,02346	
25,30	-0,4826	-12,92	296,70	0,02361	
25,32	-0,4823	-11,67	296,93	0,02373	
25,34	-0,4818	-12,05	297,06	0,02371	
25,36	-0,4813	-13,42	297,44	0,02360	
25,38	-0,4807	-13,00	298,12	0,02347	
25,40	-0,4801	-15,11	298,86	0,02339	
25,42	-0,4797	-15,47	299,36	0,02340	
25,44	-0,4791	-15,44	299,74	0,02348	
25,46	-0,4786	-14,90	300,03	0,02359	
25,48	-0,4782	-10,83	300,22	0,02370	
25,50	-0,4776	-8,868	300,72	0,02372	
25,52	-0,4770	-14,24	301,48	0,02363	
25,54	-0,4766	-17,31	302,10	0,02343	
25,56	-0,4762	-18,42	302,52	0,02333	
25,58	-0,4757	-20,03	302,74	0,02345	
25,60	-0,4753	-17,73	302,99	0,02357	
25,62	-0,4746	-15,72	303,51	0,02363	
25,64	-0,4741	-17,33	304,03	0,02371	
25,66	-0,4738	-17,25	304,41	0,02371	
25,68	-0,4733	-18,90	304,99	0,02357	
25,70	-0,4727	-22,12	305,53	0,02346	
25,72	-0,4723	-19,76	305,88	0,02346	
25,74	-0,4717	-17,83	306,32	0,02354	
25,76	-0,4711	-18,75	306,69	0,02365	
25,78	-0,4707	-17,14	307,11	0,02365	
25,80	-0,4701	-17,65	307,69	0,02362	
25,82	-0,4697	-19,43	308,11	0,02355	
25,84	-0,4692	-16,81	308,49	0,02344	
25,86	-0,4686	-15,96	309,00	0,02340	
25,88	-0,4680	-16,28	309,41	0,02349	
25,90	-0,4676	-13,61	309,78	0,02363	
25,92	-0,4669	-15,36	310,33	0,02370	
25,94	-0,4664	-17,53	310,75	0,02371	
25,96	-0,4660	-14,75	311,21	0,02369	
25,98	-0,4654	-14,80	311,72	0,02355	
26,00	-0,4650	-15,20	312,08	0,02353	
26,02	-0,4645	-13,54	312,46	0,02354	
26,04	-0,4638	-14,94	312,94	0,02358	
26,06	-0,4634	-15,22	313,34	0,02368	
26,08	-0,4628	-13,28	313,84	0,02378	
26,10	-0,4622	-15,30	314,42	0,02374	
26,12	-0,4619	-14,97	314,73	0,02362	
26,14	-0,4614	-12,69	315,15	0,02349	
26,16	-0,4607	-15,68	315,75	0,02347	
26,18	-0,4603	-16,25	316,20	0,02356	
26,20	-0,4597	-13,75	316,53	0,02369	
26,22	-0,4591	-14,41	316,83	0,02377	
26,24	-0,4589	-12,10	317,10	0,02371	
26,26	-0,4583	-8,801	317,66	0,02355	
26,28	-0,4576	-11,89	318,38	0,02346	
26,30	-0,4572	-12,99	318,90	0,02349	
26,32	-0,4567	-13,13	319,37	0,02356	
26,34	-0,4562	-15,43	319,73	0,02369	
26,36	-0,4558	-13,08	320,00	0,02378	
26,38	-0,4552	-10,77	320,64	0,02376	
26,40	-0,4546	-13,17	321,29	0,02362	
26,42	-0,4541	-13,28	321,62	0,02348	
26,44	-0,4536	-12,97	321,87	0,02343	
26,46	-0,4532	-14,83	322,12	0,02353	
26,48	-0,4527	-12,55	322,49	0,02365	
26,50	-0,4521	-11,61	323,16	0,02367	
26,52	-0,4516	-13,12	323,72	0,02368	
26,54	-0,4512	-11,77	324,15	0,02359	
26,56	-0,4506	-12,13	324,68	0,02344	
26,58	-0,4501	-13,02	325,05	0,02344	
26,60	-0,4496	-9,460	325,44	0,02353	
26,62	-0,4489	-8,794	325,98	0,02360	
26,64	-0,4485	-9,376	326,33	0,02367	
26,66	-0,4481	-7,015	326,75	0,02372	
26,68	-0,4474	-9,282	327,41	0,02361	
26,70	-0,4469	-12,23	327,88	0,02347	
26,72	-0,4465	-9,803	328,19	0,02343	
26,74	-0,4460	-9,408	328,51	0,02351	
26,76	-0,4456	-8,693	328,77	0,02365	
26,78	-0,4450	-4,849	329,28	0,02367	
26,80	-0,4444	-6,005	329,95	0,02366	
26,82	-0,4440	-7,016	330,39	0,02360	
26,84	-0,4436	-5,747	330,83	0,02347	
26,86	-0,4430	-8,859	331,36	0,02344	
26,88	-0,4426	-9,753	331,71	0,02350	
26,90	-0,4420	-7,778	332,20	0,02348	
26,92	-0,4415	-9,059	332,75	0,02358	
26,94	-0,4411	-8,299	333,09	0,02373	
26,96	-0,4407	-5,828	333,54	0,02371	
26,98	-0,4400	-8,012	334,08	0,02357	
27,00	-0,4396	-7,531	334,44	0,02348	
27,02	-0,4391	-5,822	334,84	0,02350	
27,04	-0,4385	-8,084	335,21	0,02360	
27,06	-0,4382	-5,950	335,53	0,02370	
27,08	-0,4377	-2,890	336,08	0,02376	
27,10	-0,4372	-4,878	336,60	0,02376	
27,12	-0,4369	-4,606	336,98	0,02363	
27,14	-0,4362	-4,950	337,53	0,02347	
27,16	-0,4356	-7,555	338,02	0,02347	
27,18	-0,4354	-5,573	338,36	0,02354	
27,20	-0,4348	-3,762	338,91	0,02359	
27,22	-0,4343	-6,021	339,41	0,02373	
27,24	-0,4340	-4,878	339,73	0,02379	
27,26	-0,4334	-3,978	340,14	0,02369	
27,28	-0,4330	-5,473	340,50	0,02351	
27,30	-0,4326	-3,573	340,89	0,02344	
27,32	-0,4319	-3,595	341,50	0,02346	
27,34	-0,4314	-5,701	341,97	0,02361	
27,36	-0,4311	-4,157	342,36	0,02374	
27,38	-0,4305	-5,715	342,97	0,02372	
27,40	-0,4301	-8,454	343,46	0,02364	
27,42	-0,4297	-6,121	343,84	0,02350	
27,44	-0,4292	-5,304	344,25	0,02341	
27,46	-0,4288	-5,788	344,55	0,02343	
27,48	-0,4284	-2,712	344,97	0,02346	
27,50	-0,4278	-3,218	345,61	0,02351	
27,52	-0,4275	-3,796	346,05	0,02363	
27,54	-0,4270	-0,7388	346,47	0,02365	
27,56	-0,4265	-2,339	346,99	0,02357	
27,58	-0,4261	-4,321	347,35	0,02349	
27,60	-0,4256	-1,147	347,69	0,02344	
27,62	-0,4251	-0,9139	348,08	0,02348	
27,64	-0,4248	-1,196	348,39	0,02362	
27,66	-0,4242	0,3926	348,95	0,02368	
27,68	-0,4236	-2,373	349,68	0,02368	
27,70	-0,4232	-3,326	350,14	0,02370	
27,72	-0,4227	-1,835	350,53	0,02365	
27,74	-0,4223	-2,918	350,86	0,02359	
27,76	-0,4220	-0,7716	351,12	0,02356	
27,78	-0,4214	2,773	351,75	0,02353	
27,80	-0,4209	0,5693	352,51	0,02364	
27,82	-0,4205	0,07932	352,92	0,02373	
27,84	-0,4201	1,357	353,11	0,02370	
27,86	-0,4196	0,4024	353,25	0,02366	
27,88	-0,4192	2,893	353,49	0,02353	
27,90	-0,4186	5,593	354,19	0,02344	
27,92	-0,4181	2,886	354,94	0,02353	
27,94	-0,4179	2,629	355,42	0,02363	
27,96	-0,4173	1,907	355,92	0,02364	
27,98	-0,4169	-1,415	356,32	0,02367	
28,00	-0,4166	0,3044	356,65	0,02367	
28,02	-0,4160	2,780	357,27	0,02357	
28,04	-0,4155	1,363	357,82	0,02348	
28,06	-0,4152	2,313	358,12	0,02347	
28,08	-0,4147	2,498	358,46	0,02358	
28,10	-0,4143	0,8785	358,73	0,02375	
28,12	-0,4138	3,530	359,13	0,02381	
28,14	-0,4132	3,429	359,96	0,02373	
28,16	-0,4128	0,7736	360,61	0,02359	
28,18	-0,4125	1,281	360,94	0,02350	
28,20	-0,4120	2,173	361,16	0,02350	
28,22	-0,4116	3,246	361,32	0,02360	
28,24	-0,4111	7,222	361,75	0,02365	
28,26	-0,4105	6,567	362,56	0,02365	
28,28	-0,4101	5,055	363,15	0,02368	
28,30	-0,4098	6,402	363,47	0,02360	
28,32	-0,4093	4,879	363,74	0,02352	
28,34	-0,4090	4,746	363,94	0,02351	
28,36	-0,4085	8,499	364,46	0,02350	
28,38	-0,4079	7,151	365,28	0,02357	
28,40	-0,4075	4,979	365,82	0,02376	
28,42	-0,4071	6,148	366,07	0,02386	
28,44	-0,4066	6,044	366,22	0,02382	
28,46	-0,4063	8,082	366,38	0,02362	
28,48	-0,4058	11,79	367,01	0,02344	
28,50	-0,4052	10,23	367,89	0,02369	
28,52	-0,4048	9,529	368,42	0,02459	
28,54	-0,4044	9,504	368,80	0,02521	
28,56	-0,4040	7,199	369,09	0,02540	
28,58	-0,4037	9,091	369,34	0,02535	
28,60	-0,4031	12,59	370,03	0,02516	
28,62	-0,4026	10,98	370,80	0,02508	
28,64	-0,4024	10,63	371,20	0,02512	
28,66	-0,4019	11,05	371,44	0,02519	
28,68	-0,4015	9,596	371,63	0,02531	
28,70	-0,4012	12,33	371,89	0,02540	
28,72	-0,4006	14,81	372,56	0,02536	
28,74	-0,4000	12,12	373,28	0,02478	
28,76	-0,3997	12,19	373,69	0,02397	
28,78	-0,3992	12,17	374,02	0,02355	
28,80	-0,3988	10,90	374,27	0,02348	
28,82	-0,3985	14,54	374,64	0,02357	
28,84	-0,3979	17,13	375,48	0,02364	
28,86	-0,3974	15,08	376,20	0,02371	
28,88	-0,3971	15,36	376,50	0,02367	
28,90	-0,3967	16,38	376,67	0,02359	
28,92	-0,3963	16,60	376,82	0,02357	
28,94	-0,3959	19,85	377,26	0,02354	
28,96	-0,3953	19,37	378,18	0,02356	
28,98	-0,3949	16,59	378,88	0,02375	
29,00	-0,3945	16,38	379,17	0,02387	
29,02	-0,3941	16,13	379,32	0,02380	
29,04	-0,3937	16,81	379,42	0,02367	
29,06	-0,3933	21,89	379,95	0,02347	
29,08	-0,3928	21,30	381,03	0,02337	
29,10	-0,3924	17,67	381,77	0,02354	
29,12	-0,3921	18,03	381,99	0,02371	
29,14	-0,3916	18,80	382,03	0,02378	
29,16	-0,3913	20,11	382,10	0,02378	
29,18	-0,3908	24,81	382,72	0,02366	
29,20	-0,3902	23,67	383,83	0,02352	
29,22	-0,3898	19,91	384,52	0,02352	
29,24	-0,3895	18,90	384,72	0,02368	
29,26	-0,3892	19,57	384,75	0,02381	
29,28	-0,3889	21,04	384,85	0,02383	
29,30	-0,3883	24,02	385,45	0,02379	
29,32	-0,3877	23,56	386,25	0,02371	
29,34	-0,3875	23,33	386,71	0,02362	
29,36	-0,3871	22,42	387,04	0,02354	
29,38	-0,3867	20,16	387,33	0,02357	
29,40	-0,3864	23,31	387,60	0,02361	
29,42	-0,3858	27,00	388,22	0,02355	
29,44	-0,3853	25,22	388,91	0,02356	
29,46	-0,3850	25,82	389,27	0,02365	
29,48	-0,3846	28,04	389,46	0,02365	
29,50	-0,3842	28,20	389,66	0,02361	
29,52	-0,3839	31,74	389,97	0,02356	
29,54	-0,3835	34,11	390,70	0,02362	
29,56	-0,3830	31,69	391,42	0,02376	
29,58	-0,3827	30,89	391,84	0,02381	
29,60	-0,3822	30,44	392,25	0,02375	
29,62	-0,3818	29,54	392,57	0,02369	
29,64	-0,3815	32,86	392,94	0,02359	
29,66	-0,3809	34,03	393,74	0,02346	
29,68	-0,3805	31,22	394,44	0,02353	
29,70	-0,3803	31,33	394,74	0,02371	
29,72	-0,3799	32,60	394,85	0,02381	
29,74	-0,3796	33,22	394,94	0,02379	
29,76	-0,3793	36,57	395,40	0,02361	
29,78	-0,3787	34,85	396,55	0,02346	
29,80	-0,3783	30,58	397,45	0,02346	
29,82	-0,3780	29,08	397,77	0,02352	
29,84	-0,3777	28,99	397,80	0,02368	
29,86	-0,3774	29,47	397,84	0,02379	
29,88	-0,3770	32,57	398,31	0,02371	
29,90	-0,3763	32,50	399,11	0,02354	
29,92	-0,3760	31,10	399,64	0,02346	
29,94	-0,3757	30,79	399,92	0,02342	
29,96	-0,3754	29,16	400,14	0,02349	
29,98	-0,3751	30,45	400,34	0,02363	
30,00	-0,3747	34,47	400,93	0,02362	
30,02	-0,3742	33,81	401,73	0,02364	
30,04	-0,3739	32,73	402,21	0,02369	
30,06	-0,3736	33,76	402,55	0,02364	
30,08	-0,3732	33,38	402,87	0,02356	
30,10	-0,3729	34,95	403,11	0,02356	
30,12	-0,3724	37,20	403,70	0,02353	
30,14	-0,3720	34,33	404,48	0,02360	
30,16	-0,3717	32,92	404,94	0,02369	
30,18	-0,3714	33,58	405,18	0,02369	
30,20	-0,3710	32,97	405,36	0,02363	
30,22	-0,3708	35,50	405,61	0,02360	
30,24	-0,3703	37,31	406,46	0,02351	
30,26	-0,3698	34,51	407,41	0,02350	
30,28	-0,3695	33,02	407,88	0,02364	
30,30	-0,3692	33,75	407,99	0,02380	
30,32	-0,3688	33,39	408,02	0,02386	
30,34	-0,3685	36,11	408,28	0,02371	
30,36	-0,3681	37,79	409,22	0,02352	
30,38	-0,3676	34,80	410,12	0,02347	
30,40	-0,3674	32,65	410,50	0,02361	
30,42	-0,3671	33,04	410,57	0,02375	
30,44	-0,3668	33,36	410,61	0,02376	
30,46	-0,3665	36,65	411,01	0,02373	
30,48	-0,3659	37,44	412,13	0,02369	
30,50	-0,3655	34,30	413,09	0,02360	
30,52	-0,3653	32,16	413,46	0,02355	
30,54	-0,3650	31,77	413,52	0,02351	
30,56	-0,3647	32,11	413,56	0,02359	
30,58	-0,3643	34,32	414,02	0,02360	
30,60	-0,3638	33,25	414,99	0,02359	
30,62	-0,3634	30,93	415,69	0,02366	
30,64	-0,3631	30,92	415,92	0,02360	
30,66	-0,3628	31,58	415,95	0,02350	
30,68	-0,3625	33,34	416,01	0,02352	
30,70	-0,3621	37,76	416,54	0,02354	
30,72	-0,3616	36,62	417,50	0,02358	
30,74	-0,3613	34,10	418,11	0,02370	
30,76	-0,3610	34,06	418,31	0,02379	
30,78	-0,3607	33,34	418,35	0,02378	
30,80	-0,3604	34,61	418,47	0,02365	
30,82	-0,3600	39,37	419,26	0,02344	
30,84	-0,3594	38,13	420,51	0,02338	
30,86	-0,3590	34,74	421,23	0,02354	
30,88	-0,3588	34,02	421,43	0,02370	
30,90	-0,3585	33,38	421,47	0,02374	
30,92	-0,3583	34,60	421,61	0,02362	
30,94	-0,3578	35,96	422,44	0,02345	
30,96	-0,3574	33,34	423,42	0,02342	
30,98	-0,3571	31,36	423,90	0,02351	
31,00	-0,3568	31,34	424,01	0,02368	
31,02	-0,3565	31,79	424,04	0,02378	
31,04	-0,3562	35,77	424,28	0,02379	
31,06	-0,3556	38,06	425,22	0,02372	
31,08	-0,3552	34,95	426,18	0,02356	
31,10	-0,3548	32,32	426,61	0,02345	
31,12	-0,3546	31,71	426,72	0,02348	
31,14	-0,3543	31,99	426,76	0,02360	
31,16	-0,3540	36,34	427,02	0,02370	
31,18	-0,3534	39,46	427,91	0,02374	
31,20	-0,3530	37,54	428,74	0,02372	
31,22	-0,3527	35,60	429,08	0,02363	
31,24	-0,3524	35,30	429,14	0,02353	
31,26	-0,3521	36,95	429,15	0,02350	
31,28	-0,3517	41,21	429,54	0,02354	
31,30	-0,3512	41,84	430,61	0,02351	
31,32	-0,3509	39,05	431,46	0,02359	
31,34	-0,3507	38,00	431,75	0,02372	
31,36	-0,3504	38,33	431,78	0,02369	
31,38	-0,3502	39,78	431,80	0,02359	
31,40	-0,3497	43,79	432,33	0,02348	
31,42	-0,3492	42,83	433,41	0,02346	
31,44	-0,3490	39,75	434,13	0,02356	
31,46	-0,3487	38,47	434,36	0,02369	
31,48	-0,3484	38,43	434,38	0,02376	
31,50	-0,3481	40,22	434,43	0,02373	
31,52	-0,3477	45,37	435,05	0,02363	
31,54	-0,3472	44,72	436,13	0,02350	
31,56	-0,3468	41,44	436,80	0,02352	
31,58	-0,3466	40,67	436,98	0,02366	
31,60	-0,3463	39,98	436,99	0,02382	
31,62	-0,3461	41,37	437,07	0,02390	
31,64	-0,3456	44,90	437,78	0,02378	
31,66	-0,3451	43,68	438,81	0,02363	
31,68	-0,3448	41,69	439,37	0,02352	
31,70	-0,3446	41,41	439,52	0,02359	
31,72	-0,3444	41,73	439,54	0,02373	
31,74	-0,3442	44,66	439,68	0,02383	
31,76	-0,3436	46,75	440,53	0,02375	
31,78	-0,3432	44,28	441,55	0,02365	
31,80	-0,3430	42,10	442,03	0,02363	
31,82	-0,3427	41,65	442,13	0,02361	
31,84	-0,3424	41,88	442,14	0,02355	
31,86	-0,3422	46,27	442,37	0,02355	
31,88	-0,3417	48,71	443,32	0,02357	
31,90	-0,3412	45,17	444,26	0,02368	
31,92	-0,3410	42,31	444,64	0,02373	
31,94	-0,3407	41,66	444,72	0,02371	
31,96	-0,3404	42,00	444,75	0,02361	
31,98	-0,3401	45,55	445,10	0,02349	
32,00	-0,3397	47,17	446,16	0,02339	
32,02	-0,3392	44,47	447,10	0,02348	
32,04	-0,3390	42,29	447,47	0,02368	
32,06	-0,3386	41,69	447,55	0,02374	
32,08	-0,3384	42,42	447,57	0,02374	
32,10	-0,3381	47,20	447,95	0,02364	
32,12	-0,3376	48,57	448,99	0,02348	
32,14	-0,3372	45,93	449,82	0,02344	
32,16	-0,3370	44,75	450,12	0,02357	
32,18	-0,3367	44,96	450,18	0,02378	
32,20	-0,3364	46,17	450,21	0,02387	
32,22	-0,3361	50,56	450,59	0,02374	
32,24	-0,3356	51,26	451,46	0,02354	
32,26	-0,3352	49,48	452,07	0,02339	
32,28	-0,3350	48,78	452,28	0,02337	
32,30	-0,3348	50,02	452,31	0,02353	
32,32	-0,3345	52,90	452,39	0,02372	
32,34	-0,3341	57,10	453,09	0,02371	
32,36	-0,3337	55,47	454,25	0,02366	
32,38	-0,3334	52,41	454,94	0,02367	
32,40	-0,3331	51,46	455,13	0,02362	
32,42	-0,3328	50,39	455,15	0,02354	
32,44	-0,3326	51,29	455,29	0,02346	
32,46	-0,3322	53,85	456,14	0,02346	
32,48	-0,3317	52,08	457,28	0,02355	
32,50	-0,3314	49,45	457,90	0,02367	
32,52	-0,3311	48,51	458,06	0,02371	
32,54	-0,3308	48,54	458,09	0,02364	
32,56	-0,3306	51,78	458,19	0,02351	
32,58	-0,3301	54,97	458,81	0,02343	
32,60	-0,3297	53,83	459,60	0,02347	
32,62	-0,3294	53,04	459,99	0,02361	
32,64	-0,3291	54,16	460,10	0,02373	
32,66	-0,3289	55,83	460,13	0,02377	
32,68	-0,3288	60,66	460,36	0,02365	
32,70	-0,3283	62,47	461,39	0,02347	
32,72	-0,3278	58,66	462,48	0,02342	
32,74	-0,3276	55,77	462,96	0,02351	
32,76	-0,3274	55,09	463,06	0,02361	
32,78	-0,3271	55,41	463,08	0,02370	
32,80	-0,3269	58,65	463,45	0,02375	
32,82	-0,3264	59,53	464,55	0,02366	
32,84	-0,3260	55,85	465,49	0,02354	
32,86	-0,3257	52,76	465,84	0,02354	
32,88	-0,3255	51,82	465,92	0,02358	
32,90	-0,3252	52,48	465,96	0,02368	
32,92	-0,3248	56,36	466,24	0,02376	
32,94	-0,3244	57,65	466,95	0,02372	
32,96	-0,3241	57,61	467,48	0,02369	
32,98	-0,3239	58,35	467,67	0,02363	
33,00	-0,3236	60,13	467,71	0,02354	
33,02	-0,3233	62,95	467,77	0,02350	
33,04	-0,3230	68,03	468,37	0,02350	
33,06	-0,3225	66,47	469,58	0,02356	
33,08	-0,3222	62,76	470,42	0,02371	
33,10	-0,3220	61,49	470,71	0,02376	
33,12	-0,3217	60,36	470,75	0,02368	
33,14	-0,3216	60,66	470,82	0,02360	
33,16	-0,3212	63,82	471,43	0,02350	
33,18	-0,3208	62,75	472,35	0,02354	
33,20	-0,3204	59,94	472,89	0,02366	
33,22	-0,3203	59,45	473,04	0,02376	
33,24	-0,3200	60,19	473,05	0,02382	
33,26	-0,3198	62,44	473,16	0,02373	
33,28	-0,3194	65,87	473,91	0,02352	
33,30	-0,3190	64,20	474,94	0,02345	
33,32	-0,3187	61,93	475,51	0,02353	
33,34	-0,3185	61,60	475,66	0,02373	
33,36	-0,3183	61,97	475,68	0,02392	
33,38	-0,3181	65,23	475,86	0,02388	
33,40	-0,3177	67,42	476,66	0,02367	
33,42	-0,3172	64,75	477,53	0,02353	
33,44	-0,3170	62,62	477,95	0,02350	
33,46	-0,3168	61,88	478,07	0,02358	
33,48	-0,3164	61,78	478,14	0,02371	
33,50	-0,3163	65,73	478,42	0,02376	
33,52	-0,3158	68,61	479,56	0,02370	
33,54	-0,3155	64,16	480,75	0,02359	
33,56	-0,3152	59,80	481,29	0,02352	
33,58	-0,3149	58,26	481,39	0,02350	
33,60	-0,3146	57,14	481,41	0,02357	
33,62	-0,3144	59,02	481,74	0,02363	
33,64	-0,3139	59,66	482,82	0,02363	
33,66	-0,3136	57,20	483,75	0,02372	
33,68	-0,3134	55,27	484,10	0,02379	
33,70	-0,3131	53,64	484,16	0,02365	
33,72	-0,3128	52,99	484,19	0,02357	
33,74	-0,3125	56,50	484,39	0,02358	
33,76	-0,3121	59,12	484,94	0,02361	
33,78	-0,3117	60,45	485,37	0,02370	
33,80	-0,3115	62,26	485,54	0,02382	
33,82	-0,3112	64,02	485,59	0,02385	
33,84	-0,3110	66,73	485,64	0,02370	
33,86	-0,3107	71,99	486,29	0,02352	
33,88	-0,3102	70,10	487,71	0,02344	
33,90	-0,3100	66,02	488,71	0,02350	
33,92	-0,3098	64,65	489,03	0,02360	
33,94	-0,3096	63,41	489,08	0,02369	
33,96	-0,3094	62,50	489,16	0,02377	
33,98	-0,3090	63,73	489,80	0,02375	
34,00	-0,3086	61,95	490,77	0,02366	
34,02	-0,3083	59,49	491,32	0,02360	
34,04	-0,3082	58,52	491,47	0,02359	
34,06	-0,3079	58,46	491,48	0,02365	
34,08	-0,3076	61,69	491,59	0,02371	
34,10	-0,3071	64,75	492,43	0,02371	
34,12	-0,3068	62,22	493,53	0,02368	
34,14	-0,3066	59,42	494,10	0,02365	
34,16	-0,3063	57,84	494,22	0,02358	
34,18	-0,3060	56,35	494,24	0,02355	
34,20	-0,3059	59,19	494,41	0,02358	
34,22	-0,3055	61,64	495,37	0,02355	
34,24	-0,3051	58,55	496,49	0,02360	
34,26	-0,3049	55,85	497,02	0,02376	
34,28	-0,3047	55,03	497,13	0,02381	
34,30	-0,3044	53,93	497,14	0,02365	
34,32	-0,3042	56,05	497,32	0,02354	
34,34	-0,3037	58,84	498,03	0,02345	
34,36	-0,3033	57,82	498,71	0,02344	
34,38	-0,3030	57,40	498,98	0,02358	
34,40	-0,3028	58,18	499,02	0,02376	
34,42	-0,3025	59,65	499,03	0,02387	
34,44	-0,3024	63,51	499,42	0,02375	
34,46	-0,3020	63,37	500,66	0,02355	
34,48	-0,3016	60,39	501,70	0,02349	
34,50	-0,3014	58,62	502,09	0,02366	
34,52	-0,3011	57,14	502,14	0,02384	
34,54	-0,3008	56,43	502,14	0,02391	
34,56	-0,3005	60,42	502,14	0,02394	
34,58	-0,3002	66,08	502,13	0,02382	
34,60	-0,3000	70,13	502,13	0,02364	
34,62	-0,2996	73,31	502,13	0,02354	
34,64	-0,2994	77,05	502,12	0,02358	
34,66	-0,2991	81,33	502,10	0,02370	
34,68	-0,2989	86,34	502,09	0,02374	
34,70	-0,2988	91,32	502,07	0,02379	
34,72	-0,2985	96,53	502,04	0,02375	
34,74	-0,2982	101,44	502,01	0,02367	
34,76	-0,2981	105,99	502,00	0,02360	
34,78	-0,2980	110,51	501,98	0,02362	
34,80	-0,2978	115,00	501,94	0,02371	
34,82	-0,2975	119,52	501,90	0,02377	
34,84	-0,2974	123,56	501,85	0,02375	
34,86	-0,2974	127,05	501,81	0,02371	
34,88	-0,2974	130,38	501,78	0,02367	
34,90	-0,2974	133,74	501,75	0,02365	
34,92	-0,2973	137,11	501,72	0,02367	
34,94	-0,2970	140,51	501,67	0,02374	
34,96	-0,2968	143,83	501,61	0,02387	
34,98	-0,2967	147,11	501,55	0,02393	
35,00	-0,2968	150,44	501,49	0,02389	
35,02	-0,2968	153,70	501,43	0,02381	
35,04	-0,2967	156,39	501,37	0,02369	
35,06	-0,2967	159,12	501,31	0,02360	
35,08	-0,2967	161,72	501,25	0,02363	
35,10	-0,2967	164,35	501,17	0,02368	
35,12	-0,2968	167,25	501,09	0,02376	
35,14	-0,2968	169,77	501,02	0,02386	
35,16	-0,2968	172,46	500,95	0,02384	
35,18	-0,2968	175,16	500,88	0,02370	
35,20	-0,2968	177,66	500,79	0,02361	
35,22	-0,2968	179,93	500,69	0,02363	
35,24	-0,2967	182,03	500,62	0,02370	
35,26	-0,2968	184,41	500,56	0,02380	
35,28	-0,2968	187,20	500,48	0,02383	
35,30	-0,2969	189,76	500,38	0,02376	
35,32	-0,2972	192,06	500,29	0,02370	
35,34	-0,2974	194,36	500,22	0,02371	
35,36	-0,2974	196,57	500,13	0,02367	
35,38	-0,2974	198,73	500,03	0,02375	
35,40	-0,2974	201,02	499,92	0,02385	
35,42	-0,2974	203,31	499,82	0,02387	
35,44	-0,2974	205,57	499,72	0,02384	
35,46	-0,2977	208,06	499,63	0,02375	
35,48	-0,2980	208,91	499,61	0,02361	
35,50	-0,2981	207,68	499,70	0,02357	
35,52	-0,2981	207,88	499,75	0,02369	
35,54	-0,2981	209,88	499,70	0,02386	
35,56	-0,2984	212,45	499,63	0,02397	
35,58	-0,2986	213,12	499,69	0,02391	
35,60	-0,2987	213,71	499,77	0,02379	
35,62	-0,2987	215,29	499,74	0,02365	
35,64	-0,2990	216,66	499,64	0,02361	
35,66	-0,2992	215,46	499,66	0,02357	
35,68	-0,2994	212,72	499,77	0,02365	
35,70	-0,2994	212,32	499,81	0,02377	
35,72	-0,2995	213,03	499,72	0,02383	
35,74	-0,2998	213,60	499,64	0,02380	
35,76	-0,3000	212,15	499,70	0,02364	
35,78	-0,3001	211,75	499,78	0,02358	
35,80	-0,3001	212,59	499,75	0,02360	
35,82	-0,3003	213,55	499,65	0,02371	
35,84	-0,3006	212,28	499,67	0,02380	
35,86	-0,3007	210,59	499,76	0,02377	
35,88	-0,3008	210,31	499,76	0,02376	
35,90	-0,3009	210,39	499,65	0,02378	
35,92	-0,3011	209,48	499,63	0,02367	
35,94	-0,3013	207,35	499,73	0,02360	
35,96	-0,3014	207,31	499,79	0,02364	
35,98	-0,3014	208,16	499,72	0,02378	
36,00	-0,3015	207,89	499,63	0,02383	
36,02	-0,3017	206,29	499,67	0,02379	
36,04	-0,3020	205,69	499,71	0,02372	
36,06	-0,3021	207,02	499,65	0,02366	
36,08	-0,3022	206,54	499,61	0,02369	
36,10	-0,3021	203,17	499,66	0,02371	
36,12	-0,3022	201,02	499,71	0,02375	
36,14	-0,3025	201,94	499,67	0,02389	
36,16	-0,3028	202,48	499,61	0,02389	
36,18	-0,3028	200,98	499,66	0,02378	
36,20	-0,3027	200,37	499,73	0,02370	
36,22	-0,3028	201,86	499,69	0,02367	
36,24	-0,3031	203,10	499,60	0,02367	
36,26	-0,3033	201,81	499,63	0,02374	
36,28	-0,3034	199,36	499,75	0,02383	
36,30	-0,3034	198,94	499,80	0,02390	
36,32	-0,3034	199,63	499,69	0,02394	
36,34	-0,3035	200,03	499,63	0,02381	
36,36	-0,3035	198,50	499,73	0,02360	
36,38	-0,3038	198,16	499,78	0,02358	
36,40	-0,3041	199,21	499,70	0,02378	
36,42	-0,3042	198,41	499,65	0,02390	
36,44	-0,3041	194,43	499,73	0,02389	
36,46	-0,3041	193,42	499,75	0,02388	
36,48	-0,3042	195,43	499,66	0,02379	
36,50	-0,3045	195,85	499,62	0,02367	
36,52	-0,3047	192,49	499,70	0,02363	
36,54	-0,3048	190,98	499,73	0,02369	
36,56	-0,3048	192,25	499,65	0,02381	
36,58	-0,3049	192,53	499,57	0,02384	
36,60	-0,3048	189,85	499,64	0,02381	
36,62	-0,3048	188,30	499,78	0,02379	
36,64	-0,3047	188,86	499,82	0,02373	
36,66	-0,3049	189,69	499,72	0,02366	
36,68	-0,3053	190,73	499,63	0,02365	
36,70	-0,3054	190,58	499,69	0,02377	
36,72	-0,3054	190,53	499,73	0,02389	
36,74	-0,3055	191,42	499,66	0,02396	
36,76	-0,3055	190,41	499,60	0,02393	
36,78	-0,3055	187,41	499,65	0,02383	
36,80	-0,3054	185,79	499,72	0,02370	
36,82	-0,3055	187,37	499,68	0,02369	
36,84	-0,3055	188,64	499,60	0,02380	
36,86	-0,3055	187,06	499,62	0,02383	
36,88	-0,3057	185,83	499,74	0,02374	
36,90	-0,3060	186,02	499,79	0,02368	
36,92	-0,3061	187,18	499,70	0,02367	
36,94	-0,3062	187,36	499,62	0,02365	
36,96	-0,3061	186,62	499,65	0,02366	
36,98	-0,3061	186,11	499,71	0,02370	
37,00	-0,3062	186,42	499,66	0,02378	
37,02	-0,3062	186,19	499,60	0,02389	
37,04	-0,3062	183,85	499,67	0,02387	
37,06	-0,3061	182,34	499,78	0,02376	
37,08	-0,3062	183,80	499,76	0,02365	
37,10	-0,3066	185,99	499,65	0,02357	
37,12	-0,3068	185,97	499,64	0,02352	
37,14	-0,3068	184,80	499,70	0,02357	
37,16	-0,3068	185,40	499,67	0,02360	
37,18	-0,3069	185,67	499,60	0,02358	
37,20	-0,3069	182,86	499,65	0,02362	
37,22	-0,3068	180,09	499,76	0,02354	
37,24	-0,3068	181,52	499,77	0,02348	
37,26	-0,3069	184,22	499,66	0,02362	
37,28	-0,3069	184,29	499,63	0,02374	
37,30	-0,3068	183,08	499,74	0,02379	
37,32	-0,3068	183,33	499,78	0,02388	
37,34	-0,3072	184,68	499,69	0,02387	
37,36	-0,3074	183,42	499,65	0,02364	
37,38	-0,3075	179,82	499,72	0,02352	
37,40	-0,3075	179,74	499,70	0,02357	
37,42	-0,3075	182,09	499,62	0,02348	
37,44	-0,3075	181,02	499,65	0,02342	
37,46	-0,3075	177,46	499,72	0,02357	
37,48	-0,3075	178,01	499,67	0,02361	
37,50	-0,3076	179,94	499,60	0,02347	
37,52	-0,3075	178,14	499,66	0,02346	
37,54	-0,3074	175,35	499,78	0,02350	
37,56	-0,3074	176,51	499,77	0,02351	
37,58	-0,3075	179,12	499,66	0,02357	
37,60	-0,3075	179,34	499,63	0,02367	
37,62	-0,3075	178,01	499,70	0,02365	
37,64	-0,3075	178,52	499,69	0,02355	
37,66	-0,3078	179,59	499,60	0,02346	
37,68	-0,3081	178,46	499,62	0,02342	
37,70	-0,3081	175,97	499,74	0,02343	
37,72	-0,3081	175,56	499,79	0,02355	
37,74	-0,3082	176,88	499,70	0,02372	
37,76	-0,3082	177,16	499,62	0,02376	
37,78	-0,3082	175,73	499,69	0,02373	
37,80	-0,3081	176,07	499,74	0,02361	
37,82	-0,3082	178,26	499,67	0,02356	
37,84	-0,3082	177,72	499,61	0,02357	
37,86	-0,3082	174,43	499,67	0,02363	
37,88	-0,3081	173,61	499,70	0,02363	
37,90	-0,3082	175,26	499,64	0,02357	
37,92	-0,3082	175,00	499,61	0,02370	
37,94	-0,3081	172,78	499,71	0,02374	
37,96	-0,3081	172,24	499,78	0,02360	
37,98	-0,3082	174,06	499,72	0,02360	
38,00	-0,3082	175,98	499,61	0,02364	
38,02	-0,3082	175,24	499,62	0,02370	
38,04	-0,3081	173,40	499,74	0,02383	
38,06	-0,3081	172,74	499,79	0,02384	
38,08	-0,3082	172,99	499,70	0,02366	
38,10	-0,3083	173,43	499,58	0,02353	
38,12	-0,3082	173,20	499,61	0,02357	
38,14	-0,3081	172,66	499,75	0,02361	
38,16	-0,3084	172,60	499,79	0,02370	
38,18	-0,3087	172,98	499,69	0,03217	
38,20	-0,3089	172,65	499,61	0,04711	
38,22	-0,3089	170,92	499,67	0,04328	
38,24	-0,3088	170,89	499,72	0,03901	
38,26	-0,3089	172,42	499,66	0,03983	
38,28	-0,3089	172,56	499,59	0,04150	
38,30	-0,3088	169,76	499,67	0,04255	
38,32	-0,3088	168,38	499,79	0,04326	
38,34	-0,3088	170,19	499,76	0,04421	
38,36	-0,3089	172,45	499,65	0,04509	
38,38	-0,3089	171,83	499,64	0,04520	
38,40	-0,3088	170,78	499,70	0,04490	
38,42	-0,3088	171,81	499,67	0,04475	
38,44	-0,3089	172,47	499,60	0,04467	
38,46	-0,3089	170,45	499,65	0,04424	
38,48	-0,3088	168,06	499,79	0,04394	
38,50	-0,3088	168,88	499,81	0,04370	
38,52	-0,3089	171,60	499,69	0,04323	
38,54	-0,3089	172,45	499,63	0,04262	
38,56	-0,3088	170,82	499,69	0,04216	
38,58	-0,3088	171,00	499,69	0,04210	
38,60	-0,3089	172,43	499,61	0,04232	
38,62	-0,3089	171,06	499,61	0,04282	
38,64	-0,3088	167,27	499,73	0,04380	
38,66	-0,3088	166,84	499,77	0,04491	
38,68	-0,3089	168,73	499,68	0,04555	
38,70	-0,3089	169,34	499,60	0,04564	
38,72	-0,3088	168,37	499,67	0,04564	
38,74	-0,3088	168,09	499,76	0,04600	
38,76	-0,3088	168,89	499,73	0,04606	
38,78	-0,3089	169,83	499,62	0,04562	
38,80	-0,3089	170,00	499,58	0,04504	
38,82	-0,3088	169,47	499,70	0,04432	
38,84	-0,3088	169,18	499,82	0,04346	
38,86	-0,3088	169,35	499,77	0,04255	
38,88	-0,3089	169,87	499,65	0,04235	
38,90	-0,3088	169,31	499,64	0,04240	
38,92	-0,3088	168,54	499,73	0,04311	
38,94	-0,3088	168,91	499,71	0,04393	
38,96	-0,3089	169,53	499,62	0,04436	
38,98	-0,3089	168,30	499,60	0,04462	
39,00	-0,3088	165,83	499,71	0,04502	
39,02	-0,3087	165,88	499,78	0,04529	
39,04	-0,3088	168,19	499,69	0,04510	
39,06	-0,3089	169,64	499,62	0,04498	
39,08	-0,3088	168,43	499,68	0,04532	
39,10	-0,3088	168,06	499,71	0,04545	
39,12	-0,3089	169,86	499,63	0,04535	
39,14	-0,3089	169,68	499,59	0,04543	
39,16	-0,3088	166,29	499,69	0,04546	
39,18	-0,3088	165,25	499,77	0,04528	
39,20	-0,3088	167,62	499,71	0,04505	
39,22	-0,3089	169,53	499,61	0,04501	
39,24	-0,3088	168,49	499,64	0,04541	
39,26	-0,3088	167,16	499,72	0,04595	
39,28	-0,3089	168,05	499,69	0,04536	
39,30	-0,3093	168,87	499,60	0,04440	
39,32	-0,3095	167,08	499,62	0,04366	
39,34	-0,3094	164,16	499,78	0,04337	
39,36	-0,3094	163,98	499,86	0,04364	
39,38	-0,3095	165,39	499,76	0,04398	
39,40	-0,3096	166,54	499,64	0,04425	
39,42	-0,3095	166,31	499,68	0,04409	
39,44	-0,3095	166,60	499,73	0,04377	
39,46	-0,3095	168,34	499,66	0,04391	
39,48	-0,3096	167,71	499,60	0,04448	
39,50	-0,3095	164,17	499,66	0,04510	
39,52	-0,3095	162,60	499,71	0,04590	
39,54	-0,3095	164,36	499,65	0,04662	
39,56	-0,3096	164,49	499,62	0,04710	
39,58	-0,3095	162,57	499,70	0,04724	
39,60	-0,3095	162,60	499,73	0,04718	
39,62	-0,3095	164,84	499,65	0,04680	
39,64	-0,3096	165,43	499,61	0,04627	
39,66	-0,3095	163,20	499,70	0,04607	
39,68	-0,3095	162,77	499,76	0,04593	
39,70	-0,3095	164,80	499,68	0,04546	
39,72	-0,3096	165,76	499,59	0,04486	
39,74	-0,3095	164,24	499,64	0,04455	
39,76	-0,3095	162,82	499,72	0,04451	
39,78	-0,3095	162,73	499,68	0,04466	
39,80	-0,3096	163,06	499,60	0,04491	
39,82	-0,3095	161,78	499,63	0,04530	
39,84	-0,3095	160,00	499,76	0,04567	
39,86	-0,3095	160,53	499,78	0,04614	
39,88	-0,3095	162,38	499,67	0,04643	
39,90	-0,3096	162,61	499,61	0,04663	
39,92	-0,3095	160,79	499,68	0,04693	
39,94	-0,3095	160,67	499,71	0,04743	
39,96	-0,3096	162,04	499,63	0,04787	
39,98	-0,3096	160,97	499,59	0,04813	
40,00	-0,3095	157,09	499,70	0,04821	
40,02	-0,3094	155,95	499,81	0,04803	
40,04	-0,3094	157,86	499,75	0,04743	
40,06	-0,3093	159,53	499,64	0,04658	
40,08	-0,3090	158,38	499,67	0,04620	
40,10	-0,3088	157,19	499,70	0,04615	
40,12	-0,3089	158,37	499,63	0,04615	
40,14	-0,3089	158,83	499,59	0,04594	
40,16	-0,3088	155,56	499,69	0,04565	
40,18	-0,3088	153,13	499,80	0,04580	
40,20	-0,3088	154,29	499,75	0,04665	
40,22	-0,3089	156,15	499,63	0,04740	
40,24	-0,3089	156,36	499,65	0,04810	
40,26	-0,3088	156,06	499,71	0,04853	
40,28	-0,3089	157,45	499,66	0,04912	
40,30	-0,3089	157,36	499,60	0,04920	
40,32	-0,3088	154,04	499,67	0,04905	
40,34	-0,3088	151,34	499,79	0,04909	
40,36	-0,3088	152,86	499,76	0,04918	
40,38	-0,3089	155,51	499,64	0,04917	
40,40	-0,3089	155,10	499,62	0,04912	
40,42	-0,3088	153,46	499,71	0,04938	
40,44	-0,3088	153,98	499,71	0,04937	
40,46	-0,3089	155,12	499,62	0,04933	
40,48	-0,3089	153,15	499,61	0,04928	
40,50	-0,3088	150,32	499,73	0,04935	
40,52	-0,3088	149,79	499,82	0,04925	
40,54	-0,3088	151,42	499,74	0,04935	
40,56	-0,3089	152,88	499,62	0,04955	
40,58	-0,3089	151,60	499,67	0,04960	
40,60	-0,3088	150,33	499,76	0,04958	
40,62	-0,3088	151,47	499,71	0,04950	
40,64	-0,3089	152,12	499,60	0,04942	
40,66	-0,3088	149,57	499,63	0,04932	
40,68	-0,3084	147,30	499,75	0,04950	
40,70	-0,3082	147,82	499,77	0,04965	
40,72	-0,3082	149,24	499,66	0,04969	
40,74	-0,3082	149,18	499,61	0,04959	
40,76	-0,3081	147,49	499,68	0,04953	
40,78	-0,3081	147,56	499,70	0,04950	
40,80	-0,3082	148,95	499,62	0,04945	
40,82	-0,3082	148,37	499,61	0,04947	
40,84	-0,3081	146,02	499,73	0,04959	
40,86	-0,3081	145,80	499,80	0,04970	
40,88	-0,3082	147,96	499,71	0,04972	
40,90	-0,3083	149,45	499,60	0,04969	
40,92	-0,3082	148,29	499,64	0,04952	
40,94	-0,3081	147,09	499,75	0,04939	
40,96	-0,3082	148,16	499,73	0,04949	
40,98	-0,3081	149,53	499,62	0,04963	
41,00	-0,3078	148,18	499,59	0,04963	
41,02	-0,3075	145,94	499,72	0,04964	
41,04	-0,3074	145,49	499,81	0,04962	
41,06	-0,3075	145,93	499,74	0,04955	
41,08	-0,3076	146,58	499,62	0,04946	
41,10	-0,3076	146,47	499,63	0,04947	
41,12	-0,3075	146,02	499,71	0,04962	
41,14	-0,3075	146,03	499,70	0,04970	
41,16	-0,3076	146,35	499,60	0,04976	
41,18	-0,3076	145,05	499,61	0,04977	
41,20	-0,3075	143,25	499,75	0,04963	
41,22	-0,3075	143,79	499,81	0,04955	
41,24	-0,3075	145,49	499,71	0,04964	
41,26	-0,3073	146,34	499,63	0,04974	
41,28	-0,3070	144,93	499,69	0,04975	
41,30	-0,3068	145,07	499,72	0,04982	
41,32	-0,3069	147,26	499,63	0,04988	
41,34	-0,3069	146,74	499,60	0,04974	
41,36	-0,3068	142,99	499,71	0,04960	
41,38	-0,3068	141,76	499,79	0,04963	
41,40	-0,3068	144,15	499,72	0,04970	
41,42	-0,3069	146,18	499,61	0,04975	
41,44	-0,3069	145,24	499,63	0,04979	
41,46	-0,3068	143,85	499,74	0,04983	
41,48	-0,3068	144,58	499,73	0,04978	
41,50	-0,3069	145,89	499,62	0,04976	
41,52	-0,3068	145,23	499,58	0,04973	
41,54	-0,3064	143,52	499,70	0,04964	
41,56	-0,3062	143,82	499,79	0,04978	
41,58	-0,3062	145,52	499,72	0,04994	
41,60	-0,3062	146,46	499,62	0,04999	
41,62	-0,3062	145,20	499,64	0,04995	
41,64	-0,3061	144,61	499,69	0,04989	
41,66	-0,3062	145,57	499,64	0,04975	
41,68	-0,3062	145,00	499,61	0,04963	
41,70	-0,3062	142,25	499,72	0,04966	
41,72	-0,3061	141,34	499,79	0,04982	
41,74	-0,3062	143,58	499,71	0,04994	
41,76	-0,3062	145,76	499,62	0,04989	
41,78	-0,3061	145,04	499,67	0,04982	
41,80	-0,3057	144,62	499,69	0,04972	
41,82	-0,3056	145,61	499,61	0,04970	
41,84	-0,3055	144,88	499,62	0,04978	
41,86	-0,3054	142,05	499,75	0,04985	
41,88	-0,3054	141,63	499,82	0,04992	
41,90	-0,3055	144,20	499,72	0,05003	
41,92	-0,3056	146,12	499,63	0,05004	
41,94	-0,3055	145,02	499,69	0,04986	
41,96	-0,3054	144,43	499,74	0,04977	
41,98	-0,3055	145,64	499,66	0,04976	
42,00	-0,3056	145,75	499,60	0,04983	
42,02	-0,3055	142,44	499,69	0,04988	
42,04	-0,3054	140,61	499,78	0,04996	
42,06	-0,3054	142,93	499,71	0,04998	
42,08	-0,3051	145,53	499,60	0,04985	
42,10	-0,3049	144,38	499,63	0,04970	
42,12	-0,3048	142,74	499,75	0,04972	
42,14	-0,3048	143,72	499,74	0,04985	
42,16	-0,3049	145,71	499,62	0,04991	
42,18	-0,3049	144,74	499,62	0,04992	
42,20	-0,3048	142,71	499,73	0,04988	
42,22	-0,3048	143,51	499,74	0,04988	
42,24	-0,3049	145,59	499,64	0,04986	
42,26	-0,3049	144,72	499,60	0,04978	
42,28	-0,3048	141,48	499,72	0,04971	
42,30	-0,3047	141,29	499,81	0,04976	
42,32	-0,3047	144,17	499,72	0,04991	
42,34	-0,3045	146,08	499,64	0,04997	
42,36	-0,3042	144,22	499,71	0,04987	
42,38	-0,3041	143,18	499,76	0,04968	
42,40	-0,3042	144,92	499,66	0,04963	
42,42	-0,3042	145,19	499,58	0,04975	
42,44	-0,3042	141,70	499,67	0,04985	
42,46	-0,3041	140,01	499,79	0,04994	
42,48	-0,3041	141,38	499,74	0,05005	
42,50	-0,3043	142,91	499,62	0,05006	
42,52	-0,3042	142,21	499,65	0,04987	
42,54	-0,3041	141,31	499,75	0,04974	
42,56	-0,3042	143,18	499,71	0,04981	
42,58	-0,3041	144,94	499,61	0,04997	
42,60	-0,3038	142,57	499,62	0,05005	
42,62	-0,3035	139,55	499,74	0,05001	
42,64	-0,3034	140,09	499,79	0,05000	
42,66	-0,3035	142,30	499,68	0,04997	
42,68	-0,3036	142,83	499,61	0,04988	
42,70	-0,3035	141,77	499,67	0,04983	
42,72	-0,3035	141,52	499,71	0,04988	
42,74	-0,3036	142,50	499,63	0,05001	
42,76	-0,3036	141,81	499,61	0,05009	
42,78	-0,3035	139,39	499,73	0,05001	
42,80	-0,3034	139,21	499,79	0,04994	
42,82	-0,3034	141,94	499,69	0,04989	
42,84	-0,3031	143,23	499,63	0,04984	
42,86	-0,3029	141,43	499,69	0,04990	
42,88	-0,3028	141,70	499,70	0,05007	
42,90	-0,3029	143,96	499,61	0,05020	
42,92	-0,3029	142,87	499,61	0,05011	
42,94	-0,3028	139,22	499,73	0,04994	
42,96	-0,3028	138,38	499,79	0,04985	
42,98	-0,3028	141,06	499,69	0,04986	
43,00	-0,3029	142,41	499,61	0,04991	
43,02	-0,3028	140,99	499,67	0,04996	
43,04	-0,3028	140,75	499,73	0,04999	
43,06	-0,3028	142,27	499,67	0,05006	
43,08	-0,3028	142,65	499,59	0,05003	
43,10	-0,3024	139,70	499,67	0,04984	
43,12	-0,3021	137,40	499,79	0,04975	
43,14	-0,3021	139,34	499,77	0,04982	
43,16	-0,3022	142,34	499,64	0,04999	
43,18	-0,3022	142,00	499,64	0,05001	
43,20	-0,3021	140,76	499,71	0,05001	
43,22	-0,3021	141,73	499,68	0,05010	
43,24	-0,3022	142,38	499,60	0,05004	
43,26	-0,3022	139,19	499,66	0,04986	
43,28	-0,3021	136,51	499,78	0,04983	
43,30	-0,3020	138,12	499,76	0,04989	
43,32	-0,3018	141,34	499,64	0,04999	
43,34	-0,3016	141,72	499,59	0,05008	
43,36	-0,3015	140,11	499,71	0,05011	
43,38	-0,3014	139,22	499,80	0,05004	
43,40	-0,3015	139,55	499,71	0,04991	
43,42	-0,3016	139,41	499,62	0,04984	
43,44	-0,3015	137,59	499,68	0,04989	
43,46	-0,3014	138,01	499,72	0,05001	
43,48	-0,3015	140,92	499,64	0,05011	
43,50	-0,3015	141,20	499,58	0,05012	
43,52	-0,3014	138,24	499,70	0,05003	
43,54	-0,3010	136,65	499,83	0,04995	
43,56	-0,3008	137,83	499,80	0,04993	
43,58	-0,3009	139,50	499,66	0,04991	
43,60	-0,3009	139,79	499,62	0,04990	
43,62	-0,3008	139,42	499,68	0,04998	
43,64	-0,3008	140,07	499,67	0,05009	
43,66	-0,3009	140,36	499,60	0,05012	
43,68	-0,3008	138,09	499,64	0,05005	
43,70	-0,3008	135,02	499,79	0,04995	
43,72	-0,3008	135,91	499,84	0,04988	
43,74	-0,3008	138,47	499,72	0,04990	
43,76	-0,3007	139,68	499,64	0,04994	
43,78	-0,3003	138,78	499,72	0,04993	
43,80	-0,3001	139,77	499,75	0,05000	
43,82	-0,3002	141,63	499,65	0,05004	
43,84	-0,3002	140,40	499,62	0,04989	
43,86	-0,3001	136,63	499,70	0,04974	
43,88	-0,3001	136,15	499,69	0,04981	
43,90	-0,3002	138,39	499,60	0,04997	
43,92	-0,3002	137,79	499,62	0,05001	
43,94	-0,3001	135,25	499,75	0,05001	
43,96	-0,3000	136,15	499,79	0,05004	
43,98	-0,2998	138,72	499,67	0,05003	
44,00	-0,2996	139,49	499,60	0,04991	
44,02	-0,2995	138,35	499,68	0,04979	
44,04	-0,2994	137,97	499,75	0,04987	
44,06	-0,2995	139,00	499,68	0,05011	
44,08	-0,2996	139,30	499,59	0,05020	
44,10	-0,2995	137,58	499,64	0,05012	
44,12	-0,2994	136,52	499,77	0,04999	
44,14	-0,2994	137,78	499,77	0,04988	
44,16	-0,2995	139,50	499,65	0,04986	
44,18	-0,2994	139,33	499,61	0,04981	
44,20	-0,2991	137,92	499,69	0,04990	
44,22	-0,2988	138,25	499,70	0,05009	
44,24	-0,2989	139,24	499,62	0,05019	
44,26	-0,2989	138,34	499,61	0,05009	
44,28	-0,2988	135,86	499,74	0,04987	
44,30	-0,2988	136,28	499,80	0,04982	
44,32	-0,2988	139,02	499,70	0,04990	
44,34	-0,2989	140,02	499,63	0,04991	
44,36	-0,2988	138,35	499,69	0,04995	
44,38	-0,2988	138,74	499,70	0,05007	
44,40	-0,2988	140,66	499,61	0,05007	
44,42	-0,2988	139,39	499,60	0,04989	
44,44	-0,2984	136,17	499,74	0,04980	
44,46	-0,2981	135,67	499,82	0,04981	
44,48	-0,2981	137,79	499,73	0,04995	
44,50	-0,2982	139,46	499,61	0,05008	
44,52	-0,2982	138,86	499,64	0,05013	
44,54	-0,2981	138,48	499,73	0,05012	
44,56	-0,2982	139,11	499,69	0,05008	
44,58	-0,2982	139,27	499,59	0,04999	
44,60	-0,2982	137,21	499,63	0,04987	
44,62	-0,2981	135,33	499,80	0,04985	
44,64	-0,2981	136,49	499,84	0,04993	
44,66	-0,2978	138,76	499,71	0,04997	
44,68	-0,2508	139,71	499,64	0,05001	
44,70	-0,1173	138,65	499,72	0,04997	
44,72	-0,02307	139,04	499,72	0,04990	
44,74	0,00303	140,91	499,61	0,04987	
44,76	0,00291	139,55	499,60	0,04982	
44,78	0,00124	135,86	499,73	0,04987	
44,80	0,00122	135,49	499,79	0,04999	
44,82	0,00135	138,04	499,68	0,05007	
44,84	0,00133	139,13	499,59	0,05005	
44,86	0,00142	137,41	499,67	0,04992	
44,88	0,00161	136,90	499,75	0,04981	
44,90	0,00183	138,27	499,69	0,04984	
44,92	0,00202	139,34	499,58	0,04987	
44,94	0,00210	138,79	499,61	0,04978	
44,96	0,00221	140,67	499,76	0,04957	
44,98	0,00258	149,13	499,80	0,04919	
45,00	0,00360	164,52	499,68	0,04853	
45,02	0,00546	188,13	499,59	0,04777	
45,04	0,00819	220,49	499,68	0,04699	
45,06	0,01166	263,60	499,81	0,04619	
45,08	0,01582	318,21	499,79	0,04531	
45,10	0,02069	383,01	499,64	0,04428	
45,12	0,02660	455,68	499,61	0,04303	
45,14	0,03335	537,88	499,72	0,04161	
45,16	0,04075	631,26	499,75	0,04014	
45,18	0,04888	734,50	499,63	0,03855	
45,20	0,05786	843,40	499,59	0,03669	
45,22	0,06765	958,22	499,72	0,03470	
45,24	0,07817	1083,1	499,81	0,03260	
45,26	0,08944	1216,6	499,70	0,03014	
45,28	0,1016	1352,2	499,60	0,02712	
45,30	0,1148	1487,8	499,69	0,02337	
45,32	0,1287	1625,8	499,79	0,01904	
45,34	0,1431	1764,7	499,72	0,01405	
45,36	0,1583	1897,4	499,60	0,00825	
45,38	0,1746	2018,4	499,64	0,00165	
45,40	0,1917	2130,2	499,73	-0,00562	
45,42	0,2094	2233,6	499,70	-0,01360	
45,44	0,2279	2325,1	499,60	-0,02241	
45,46	0,2473	2402,5	499,62	-0,03199	
45,48	0,2676	2470,7	499,76	-0,04210	
45,50	0,2886	2534,3	499,82	-0,05256	
45,52	0,3104	2593,6	499,71	-0,06337	
45,54	0,3330	2646,4	499,64	-0,07482	
45,56	0,3565	2693,2	499,69	-0,08685	
45,58	0,3806	2738,6	499,68	-0,09928	
45,60	0,4054	2781,7	499,60	-0,1122	
45,62	0,4312	2819,1	499,64	-0,1255	
45,64	0,4579	2853,6	499,76	-0,1391	
45,66	0,4853	2890,3	499,78	-0,1530	
45,68	0,5135	2928,4	499,66	-0,1672	
45,70	0,5426	2963,5	499,63	-0,1819	
45,72	0,5725	2995,5	499,69	-0,1970	
45,74	0,6030	3028,0	499,68	-0,2125	
45,76	0,6341	3060,5	499,61	-0,2284	
45,78	0,6663	3089,1	499,66	-0,2447	
45,80	0,6995	3116,7	499,76	-0,2611	
45,82	0,7333	3148,1	499,75	-0,2779	
45,84	0,7678	3180,5	499,64	-0,2952	
45,86	0,8030	3209,2	499,64	-0,3130	
45,88	0,8393	3235,6	499,74	-0,3313	
45,90	0,8764	3263,7	499,74	-0,3499	
45,92	0,9142	3292,3	499,64	-0,3687	
45,94	0,9528	3317,4	499,65	-0,3876	
45,96	0,9920	3340,3	499,76	-0,4067	
45,98	1,032	3366,1	499,79	-0,4259	
46,00	1,071	3392,1	499,68	-0,4453	
46,02	1,111	3414,2	499,66	-0,4650	
46,04	1,151	3433,3	499,76	-0,4847	
46,06	1,191	3454,9	499,78	-0,5045	
46,08	1,231	3477,7	499,68	-0,5243	
46,10	1,271	3497,6	499,68	-0,5443	
46,12	1,311	3514,0	499,77	-0,5645	
46,14	1,351	3533,2	499,75	-0,5849	
46,16	1,391	3553,9	499,64	-0,6055	
46,18	1,431	3570,8	499,66	-0,6262	
46,20	1,471	3584,6	499,76	-0,6469	
46,22	1,511	3601,7	499,73	-0,6677	
46,24	1,551	3619,1	499,64	-0,6888	
46,26	1,591	3632,6	499,65	-0,7100	
46,28	1,631	3645,4	499,69	-0,7315	
46,30	1,671	3661,3	499,64	-0,7531	
46,32	1,711	3676,4	499,60	-0,7748	
46,34	1,751	3687,6	499,70	-0,7966	
46,36	1,791	3699,4	499,81	-0,8185	
46,38	1,831	3714,5	499,77	-0,8405	
46,40	1,871	3729,5	499,66	-0,8630	
46,42	1,911	3741,5	499,70	-0,8856	
46,44	1,951	3752,5	499,79	-0,9083	
46,46	1,991	3764,3	499,75	-0,9312	
46,48	2,031	3775,9	499,65	-0,9541	
46,50	2,071	3784,4	499,69	-0,9772	
46,52	2,111	3792,1	499,76	-1,001	
46,54	2,151	3803,4	499,71	-1,024	
46,56	2,191	3814,5	499,63	-1,048	
46,58	2,231	3821,1	499,71	-1,072	
46,60	2,271	3828,2	499,81	-1,096	
46,62	2,311	3838,7	499,76	-1,120	
46,64	2,351	3848,7	499,65	-1,144	
46,66	2,391	3855,5	499,66	-1,169	
46,68	2,431	3861,9	499,72	-1,193	
46,70	2,471	3870,6	499,68	-1,218	
46,72	2,511	3879,1	499,60	-1,243	
46,74	2,551	3885,0	499,64	-1,269	
46,76	2,591	3890,3	499,75	-1,294	
46,78	2,631	3897,9	499,75	-1,319	
46,80	2,671	3906,1	499,66	-1,345	
46,82	2,711	3912,4	499,65	-1,371	
46,84	2,751	3916,9	499,75	-1,397	
46,86	2,791	3923,8	499,75	-1,424	
46,88	2,831	3931,3	499,65	-1,450	
46,90	2,871	3936,2	499,67	-1,477	
46,92	2,911	3939,4	499,77	-1,504	
46,94	2,951	3945,3	499,76	-1,531	
46,96	2,991	3951,7	499,66	-1,558	
46,98	3,031	3955,1	499,67	-1,585	
47,00	3,071	3956,9	499,77	-1,613	
47,02	3,111	3962,2	499,79	-1,641	
47,04	3,151	3968,5	499,68	-1,669	
47,06	3,191	3972,6	499,66	-1,697	
47,08	3,231	3973,5	499,80	-1,725	
47,10	3,271	3976,3	499,88	-1,754	
47,12	3,311	3980,5	499,82	-1,783	
47,14	3,351	3984,1	499,69	-1,812	
47,16	3,391	3986,4	499,67	-1,841	
47,18	3,431	3988,3	499,77	-1,870	
47,20	3,471	3991,0	499,79	-1,900	
47,22	3,511	3993,9	499,69	-1,929	
47,24	3,551	3996,3	499,66	-1,959	
47,26	3,591	3996,9	499,79	-1,989	
47,28	3,631	3998,6	499,87	-2,020	
47,30	3,671	4000,7	499,83	-2,050	
47,32	3,711	4003,1	499,71	-2,081	
47,34	3,751	4004,4	499,67	-2,111	
47,36	3,791	4004,7	499,78	-2,143	
47,38	3,831	4006,0	499,84	-2,174	
47,40	3,871	4007,2	499,75	-2,205	
47,42	3,911	4007,9	499,66	-2,237	
47,44	3,951	4006,5	499,76	-2,269	
47,46	3,991	4005,9	499,89	-2,301	
47,48	4,031	4006,8	499,88	-2,333	
47,50	4,071	4007,6	499,76	-2,366	
47,52	4,111	4008,0	499,66	-2,399	
47,54	4,151	4006,5	499,76	-2,431	
47,56	4,191	4004,8	499,88	-2,465	
47,58	4,231	4004,2	499,86	-2,498	
47,60	4,271	4004,2	499,74	-2,531	
47,62	4,311	4003,6	499,66	-2,565	
47,64	4,351	4001,2	499,82	-2,599	
47,66	4,391	3998,8	499,98	-2,633	
47,68	4,431	3997,3	499,96	-2,667	
47,70	4,471	3995,2	499,84	-2,702	
47,72	4,511	3992,8	499,70	-2,736	
47,74	4,551	3991,3	499,68	-2,771	
47,76	4,591	3988,3	499,80	-2,806	
47,78	4,631	3984,3	499,86	-2,841	
47,80	4,671	3980,4	499,79	-2,877	
47,82	4,711	3977,3	499,67	-2,912	
47,84	4,751	3973,4	499,69	-2,948	
47,86	4,791	3969,9	499,81	-2,984	
47,88	4,831	3966,5	499,82	-3,020	
47,90	4,871	3962,3	499,71	-3,057	
47,92	4,911	3957,9	499,65	-3,093	
47,94	4,951	3951,7	499,83	-3,130	
47,96	4,991	3946,0	499,96	-3,167	
47,98	5,031	3940,5	499,91	-3,204	
48,00	5,071	3934,4	499,76	-3,241	
48,02	5,111	3928,1	499,66	-3,278	
48,04	5,151	3921,0	499,74	-3,316	
48,06	5,191	3914,1	499,82	-3,353	
48,08	5,231	3907,5	499,76	-3,391	
48,10	5,271	3901,2	499,66	-3,429	
48,12	5,311	3892,3	499,76	-3,467	
48,14	5,351	3882,6	499,89	-3,505	
48,16	5,391	3874,3	499,87	-3,543	
48,18	5,431	3866,1	499,73	-3,582	
48,20	5,471	3857,0	499,68	-3,620	
48,22	5,511	3846,0	499,87	-3,659	
48,24	5,551	3835,4	499,97	-3,698	
48,26	5,591	3825,0	499,88	-3,737	
48,28	5,631	3813,8	499,72	-3,776	
48,30	5,671	3800,6	499,75	-3,815	
48,32	5,711	3786,5	500,00	-3,854	
48,34	5,751	3773,3	500,10	-3,893	
48,36	5,791	3760,2	499,99	-3,933	
48,38	5,831	3745,9	499,80	-3,972	
48,40	5,871	3731,3	499,69	-4,012	
48,42	5,911	3715,6	499,87	-4,052	
48,44	5,951	3698,9	500,03	-4,091	
48,46	5,991	3681,5	499,97	-4,131	
48,48	6,031	3664,3	499,79	-4,171	
48,50	6,071	3646,8	499,67	-4,211	
48,52	6,111	3627,7	499,84	-4,252	
48,54	6,151	3607,4	500,04	-4,292	
48,56	6,191	3586,5	500,01	-4,332	
48,58	6,231	3564,3	499,84	-4,373	
48,60	6,271	3541,4	499,68	-4,413	
48,62	6,311	3517,4	499,72	-4,454	
48,64	6,351	3492,4	499,82	-4,495	
48,66	6,391	3466,2	499,78	-4,535	
48,68	6,431	3439,9	499,66	-4,576	
48,70	6,471	3410,8	499,77	-4,617	
48,72	6,511	3379,2	499,95	-4,659	
48,74	6,551	3347,8	499,94	-4,701	
48,76	6,591	3314,7	499,79	-4,742	
48,78	6,631	3278,8	499,68	-4,784	
48,80	6,671	3239,0	499,84	-4,826	
48,82	6,711	3198,2	499,99	-4,869	
48,84	6,751	3154,9	499,94	-4,912	
48,86	6,791	3107,3	499,80	-4,955	
48,88	6,831	3055,1	499,66	-4,999	
48,90	6,871	2997,3	499,77	-5,043	
48,92	6,911	2933,2	499,97	-5,089	
48,94	6,951	2861,7	499,99	-5,135	
48,96	6,991	2780,4	499,89	-5,183	
48,98	7,031	2685,7	499,78	-5,234	
49,00	7,071	2573,3	499,71	-5,291	
49,02	7,111	2429,1	499,69	-5,353	
49,04	7,151	2241,1	499,65	-5,411	
49,06	7,191	2021,1	499,60	-5,463	
49,08	7,231	1786,1	499,80	-5,513	
49,10	7,271	1550,7	500,11	-5,562	
49,12	7,311	1338,6	500,21	-5,610	
49,14	7,351	1167,1	500,12	-5,656	
49,16	7,391	1028,6	499,96	-5,702	
49,18	7,431	910,09	499,79	-5,747	
49,20	7,471	807,35	499,68	-5,793	
49,22	7,511	712,03	499,73	-5,839	
49,24	7,551	619,51	499,73	-5,884	
49,26	7,591	531,67	499,66	-5,927	
49,28	7,631	446,08	499,70	-5,971	
49,30	7,671	357,98	499,80	-6,005	
49,32	7,711	274,17	499,75	-6,026	
49,34	7,748	204,49	500,16	-6,037	
49,36	7,779	146,12	501,05	-6,040	
49,38	7,800	96,93	500,63	-6,041	
49,40	7,811	63,27	499,85	-6,042	
49,42	7,816	42,50	499,41	-6,043	
49,44	7,818	26,08	499,18	-6,043	
49,46	7,819	12,53	498,97	-6,044	
49,48	7,819	4,386	498,75	-6,044	
49,50	7,820	1,629	498,54	-6,044	
49,52	7,820	0,9178	498,34	-6,045	
49,54	7,820	-0,4976	498,14	-6,045	
49,56	7,820	-1,196	497,93	-6,045	
49,58	7,820	-1,149	497,72	-6,045	
49,60	7,820	-1,544	497,53	-6,046	
49,62	7,820	-1,794	497,34	-6,046	
49,64	7,820	-1,817	497,15	-6,046	
49,66	7,820	-1,777	496,96	-6,046	
49,68	7,820	-1,735	496,76	-6,047	
49,70	7,820	-1,749	496,56	-6,047	
49,72	7,820	-1,673	496,38	-6,047	
49,74	7,820	-1,185	496,19	-6,047	
49,76	7,820	0,3157	495,99	-6,047	
49,78	7,820	0,7810	495,80	-6,048	
49,80	7,820	-0,3924	495,62	-6,048	
49,82	7,820	-1,448	495,42	-6,048	
49,84	7,820	-1,784	495,23	-6,048	
49,86	7,820	-1,796	495,03	-6,048	
49,88	7,820	-1,796	494,84	-6,048	
49,90	7,820	-1,771	494,65	-6,049	
49,92	7,820	-1,750	494,45	-6,049	
49,94	7,820	-1,782	494,25	-6,049	
49,96	7,820	-1,752	494,04	-6,049	
49,98	7,820	-1,732	493,82	-6,049	
50,00	7,820	-1,692	493,61	-6,049	
50,02	7,820	-1,681	493,40	-6,050	
50,04	7,820	-1,743	493,19	-6,050	
50,06	7,820	-1,752	492,98	-6,050	
50,08	7,820	-1,738	492,76	-6,050	
50,10	7,820	-1,756	492,55	-6,050	
50,12	7,820	-1,757	492,35	-6,050	
50,14	7,820	-1,800	492,15	-6,051	
50,16	7,820	-1,776	491,93	-6,051	
50,18	7,820	-1,755	491,71	-6,051	
50,20	7,820	-1,803	491,50	-6,051	
50,22	7,820	-1,839	491,28	-6,051	
50,24	7,820	-1,882	491,05	-6,051	
50,26	7,820	-1,929	490,83	-6,051	
50,28	7,820	-1,873	490,60	-6,052	
50,30	7,820	-1,783	490,37	-6,052	
50,32	7,820	-1,710	490,14	-6,052	
50,34	7,820	-1,750	489,89	-6,052	
50,36	7,820	-1,782	489,65	-6,052	
50,38	7,820	-1,800	489,41	-6,052	
50,40	7,820	-1,853	489,16	-6,053	
50,42	7,820	-1,837	488,91	-6,053	
50,44	7,820	-1,823	488,65	-6,053	
50,46	7,820	-1,855	488,40	-6,053	
50,48	7,820	-1,805	488,14	-6,053	
50,50	7,820	-1,763	487,88	-6,053	
50,52	7,820	-1,670	487,61	-6,053	
50,54	7,820	-1,614	487,34	-6,054	
50,56	7,820	-1,671	487,08	-6,054	
50,58	7,820	-1,715	486,81	-6,054	
50,60	7,820	-1,764	486,54	-6,054	
50,62	7,820	-1,781	486,27	-6,054	
50,64	7,820	-1,793	485,99	-6,054	
50,66	7,820	-1,810	485,72	-6,054	
50,68	7,820	-1,783	485,46	-6,055	
50,70	7,820	-1,757	485,19	-6,055	
50,72	7,820	-1,746	484,92	-6,055	
50,74	7,820	-1,796	484,64	-6,055	
50,76	7,820	-1,865	484,36	-6,055	
50,78	7,820	-1,794	484,09	-6,055	
50,80	7,820	-1,755	483,81	-6,055	
50,82	7,820	-1,823	483,53	-6,056	
50,84	7,820	-1,799	483,25	-6,056	
50,86	7,820	-1,774	482,98	-6,056	
50,88	7,820	-1,782	482,72	-6,056	
50,90	7,820	-1,789	482,45	-6,056	
50,92	7,820	-1,757	482,17	-6,056	
50,94	7,820	-1,714	481,88	-6,056	
50,96	7,820	-1,694	481,59	-6,056	
50,98	7,820	-1,735	481,32	-6,057	
51,00	7,820	-1,722	481,04	-6,057	
51,02	7,820	-1,699	480,76	-6,057	
51,04	7,820	-1,706	480,49	-6,057	
51,06	7,820	-1,664	480,22	-6,057	
51,08	7,820	-1,583	479,95	-6,057	
51,10	7,820	-1,597	479,68	-6,057	
51,12	7,820	-1,688	479,41	-6,058	
51,14	7,820	-1,658	479,12	-6,058	
51,16	7,820	-1,615	478,84	-6,058	
51,18	7,820	-1,610	478,56	-6,058	
51,20	7,820	-1,635	478,28	-6,058	
51,22	7,820	-1,725	478,00	-6,058	
51,24	7,820	-1,733	477,73	-6,058	
51,26	7,820	-1,721	477,45	-6,058	
51,28	7,820	-1,733	477,17	-6,059	
51,30	7,820	-1,710	476,88	-6,059	
51,32	7,820	-1,719	476,60	-6,059	
51,34	7,820	-1,784	476,31	-6,059	
51,36	7,820	-1,876	476,01	-6,059	
51,38	7,820	-1,911	475,72	-6,059	
51,40	7,820	-1,816	475,43	-6,059	
51,42	7,820	-1,773	475,14	-6,060	
51,44	7,820	-1,850	474,87	-6,060	
51,46	7,820	-1,873	474,60	-6,060	
51,48	7,820	-1,861	474,31	-6,060	
51,50	7,820	-1,839	474,02	-6,060	
51,52	7,820	-1,812	473,73	-6,060	
51,54	7,820	-1,813	473,45	-6,060	
51,56	7,820	-1,822	473,17	-6,060	
51,58	7,820	-1,821	472,90	-6,060	
51,60	7,820	-1,807	472,62	-6,060	
51,62	7,820	-1,797	472,34	-6,060	
51,64	7,820	-1,824	472,07	-6,061	
51,66	7,820	-1,759	471,79	-6,061	
51,68	7,820	-1,739	471,52	-6,061	
51,70	7,820	-1,769	471,23	-6,061	
51,72	7,820	-1,768	470,95	-6,061	
51,74	7,820	-1,756	470,67	-6,061	
51,76	7,820	-1,753	470,39	-6,061	
51,78	7,820	-1,747	470,12	-6,061	
51,80	7,820	-1,794	469,83	-6,061	
51,82	7,820	-1,750	469,55	-6,062	
51,84	7,820	-1,728	469,28	-6,062	
51,86	7,820	-1,786	469,01	-6,062	
51,88	7,820	-1,740	468,73	-6,062	
51,90	7,820	-1,753	468,45	-6,062	
51,92	7,820	-1,781	468,18	-6,062	
51,94	7,820	-1,800	467,92	-6,062	
51,96	7,820	-1,830	467,65	-6,062	
51,98	7,820	-1,820	467,37	-6,062	
52,00	7,820	-1,814	467,08	-6,062	
52,02	7,820	-1,793	466,80	-6,062	
52,04	7,820	-1,792	466,51	-6,063	
52,06	7,820	-1,863	466,22	-6,063	
52,08	7,820	-1,842	465,91	-6,063	
52,10	7,820	-1,807	465,61	-6,063	
52,12	7,820	-1,872	465,32	-6,063	
52,14	7,820	-1,828	465,04	-6,063	
52,16	7,820	-1,822	464,79	-6,063	
52,18	7,820	-1,883	464,51	-6,063	
52,20	7,820	-1,879	464,23	-6,063	
52,22	7,820	-1,885	463,95	-6,064	
52,24	7,820	-1,901	463,67	-6,064	
52,26	7,820	-1,858	463,39	-6,064	
52,28	7,820	-1,852	463,11	-6,064	
52,30	7,820	-1,791	462,84	-6,064	
52,32	7,820	-1,797	462,56	-6,064	
52,34	7,820	-1,805	462,27	-6,064	
52,36	7,820	-1,805	461,98	-6,064	
52,38	7,820	-1,833	461,70	-6,064	
52,40	7,820	-1,837	461,42	-6,064	
52,42	7,820	-1,903	461,14	-6,065	
52,44	7,820	-2,014	460,85	-6,065	
52,46	7,820	-1,977	460,57	-6,065	
52,48	7,820	-1,891	460,28	-6,065	
52,50	7,820	-1,848	459,99	-6,065	
52,52	7,820	-1,831	459,71	-6,065	
52,54	7,820	-1,834	459,43	-6,065	
52,56	7,820	-1,732	459,15	-6,065	
52,58	7,820	-1,671	458,87	-6,066	
52,60	7,820	-1,738	458,58	-6,066	
52,62	7,820	-1,754	458,29	-6,066	
52,64	7,820	-1,818	458,00	-6,066	
52,66	7,820	-1,872	457,72	-6,066	
52,68	7,820	-1,849	457,42	-6,066	
52,70	7,820	-1,838	457,12	-6,066	
52,72	7,820	-1,796	456,82	-6,066	
52,74	7,820	-1,765	456,53	-6,067	
52,76	7,820	-1,700	456,25	-6,067	
52,78	7,820	-1,753	455,97	-6,067	
52,80	7,820	-1,854	455,68	-6,067	
52,82	7,820	-1,852	455,40	-6,067	
52,84	7,820	-1,841	455,12	-6,067	
52,86	7,820	-1,810	454,83	-6,067	
52,88	7,820	-1,735	454,54	-6,067	
52,90	7,820	-1,763	454,27	-6,067	
52,92	7,820	-1,708	453,99	-6,068	
52,94	7,820	-1,670	453,70	-6,068	
52,96	7,820	-1,734	453,42	-6,068	
52,98	7,820	-1,718	453,17	-6,068	
53,00	7,820	-1,771	452,91	-6,068	
53,02	7,820	-1,837	452,64	-6,068	
53,04	7,820	-1,834	452,34	-6,068	
53,06	7,820	-1,858	452,05	-6,069	
53,08	7,820	-1,792	451,79	-6,069	
53,10	7,820	-1,715	451,52	-6,069	
53,12	7,820	-1,731	451,24	-6,069	
53,14	7,820	-1,707	450,97	-6,069	
53,16	7,820	-1,738	450,71	-6,069	
53,18	7,820	-1,794	450,45	-6,069	
53,20	7,820	-1,845	450,19	-6,069	
53,22	7,820	-1,881	449,91	-6,069	
53,24	7,820	-1,848	449,63	-6,069	
53,26	7,820	-1,856	449,36	-6,070	
53,28	7,820	-1,915	449,09	-6,070	
53,30	7,820	-1,927	448,83	-6,070	
53,32	7,820	-2,001	448,55	-6,070	
53,34	7,820	-2,005	448,26	-6,070	
53,36	7,820	-1,917	447,98	-6,070	
53,38	7,820	-1,865	447,71	-6,070	
53,40	7,820	-1,850	447,43	-6,070	
53,42	7,820	-1,874	447,14	-6,070	
53,44	7,820	-1,889	446,86	-6,071	
53,46	7,820	-1,796	446,58	-6,071	
53,48	7,820	-1,780	446,31	-6,071	
53,50	7,820	-1,823	446,03	-6,071	
53,52	7,820	-1,871	445,76	-6,071	
53,54	7,820	-1,927	445,49	-6,071	
53,56	7,820	-1,922	445,22	-6,071	
53,58	7,820	-1,868	444,94	-6,071	
53,60	7,820	-1,825	444,67	-6,071	
53,62	7,820	-1,775	444,41	-6,072	
53,64	7,820	-1,774	444,14	-6,072	
53,66	7,820	-1,770	443,85	-6,072	
53,68	7,820	-1,813	443,59	-6,072	
53,70	7,820	-1,855	443,33	-6,072	
53,72	7,820	-1,893	443,08	-6,072	
53,74	7,820	-1,883	442,81	-6,072	
53,76	7,820	-1,828	442,54	-6,072	
53,78	7,820	-1,738	442,26	-6,072	
53,80	7,820	-1,723	441,98	-6,073	
53,82	7,820	-1,767	441,70	-6,073	
53,84	7,820	-1,798	441,42	-6,073	
53,86	7,820	-1,788	441,13	-6,073	
53,88	7,820	-1,783	440,83	-6,073	
53,90	7,820	-1,841	440,53	-6,073	
53,92	7,820	-1,876	440,23	-6,073	
53,94	7,820	-1,863	439,93	-6,073	
53,96	7,820	-1,844	439,63	-6,074	
53,98	7,820	-1,878	439,35	-6,074	
54,00	7,820	-1,903	439,08	-6,074	
54,02	7,820	-1,860	438,81	-6,074	
54,04	7,820	-1,862	438,53	-6,074	
54,06	7,820	-1,861	438,25	-6,074	
54,08	7,820	-1,751	437,98	-6,074	
54,10	7,820	-1,720	437,72	-6,074	
54,12	7,820	-1,774	437,47	-6,075	
54,14	7,820	-1,805	437,22	-6,075	
54,16	7,820	-1,813	436,97	-6,075	
54,18	7,820	-1,728	436,71	-6,075	
54,20	7,820	-1,759	436,46	-6,075	
54,22	7,820	-1,871	436,19	-6,075	
54,24	7,820	-1,831	435,92	-6,075	
54,26	7,820	-1,806	435,65	-6,075	
54,28	7,820	-1,793	435,39	-6,075	
54,30	7,820	-1,758	435,12	-6,075	
54,32	7,820	-1,772	434,86	-6,076	
54,34	7,820	-1,771	434,60	-6,076	
54,36	7,820	-1,739	434,34	-6,076	
54,38	7,820	-1,729	434,08	-6,076	